# Facility: NSLS-II
# Beamline: QAS
# Year: 2019
# Cycle: 1
# Comment: 
# Trajectory name: nickel-8333.txt
# Element: Nickel ( 28)
# Edge: K
# E0: 8333
# Start time: 02/14/2019  14:41:38
# Stop time: 02/14/2019  14:42:16
#
# energy  i0  it  ir  pips  adc7  adc8
 8143.312310 1.024808e+00 4.090236e-01 3.097384e-01 9.767852e-01 7.329120e-05 2.643072e-05
 8148.312310 2.028344e+00 8.107745e-01 6.153717e-01 1.934037e+00 1.489860e-04 5.420186e-05
 8153.312310 2.043824e+00 8.187400e-01 6.233739e-01 1.954777e+00 1.439358e-04 4.447800e-05
 8158.312310 2.041599e+00 8.195492e-01 6.258768e-01 1.956842e+00 1.421379e-04 3.851696e-05
 8163.312310 2.040166e+00 8.209035e-01 6.289433e-01 1.957936e+00 1.493620e-04 3.236958e-05
 8168.312310 2.037753e+00 8.221509e-01 6.320157e-01 1.957303e+00 1.267991e-04 4.097304e-05
 8173.312310 2.034925e+00 8.229521e-01 6.347417e-01 1.961392e+00 1.265737e-04 3.223830e-05
 8178.312310 2.032601e+00 8.239970e-01 6.375552e-01 1.959864e+00 1.423648e-04 4.123381e-05
 8183.312310 2.032111e+00 8.258136e-01 6.408501e-01 1.966788e+00 1.435225e-04 3.710849e-05
 8188.312310 2.032482e+00 8.278616e-01 6.442037e-01 1.973107e+00 1.381703e-04 3.962593e-05
 8193.312310 2.027987e+00 8.279797e-01 6.463344e-01 1.973455e+00 1.509267e-04 5.081090e-05
 8198.312310 2.025997e+00 8.291665e-01 6.491898e-01 1.974809e+00 1.563560e-04 4.377680e-05
 8203.312310 2.022715e+00 8.298421e-01 6.516397e-01 1.974117e+00 1.529040e-04 3.635328e-05
 8208.312310 2.020651e+00 8.309084e-01 6.544964e-01 1.974987e+00 1.292066e-04 3.156576e-05
 8213.312310 2.018219e+00 8.317753e-01 6.572247e-01 1.974599e+00 1.262166e-04 2.036903e-05
 8218.312310 2.015941e+00 8.327514e-01 6.599716e-01 1.979649e+00 1.081810e-04 1.728182e-05
 8223.312310 2.013979e+00 8.338613e-01 6.628060e-01 1.983000e+00 1.146073e-04 1.512114e-05
 8228.312310 2.011093e+00 8.346036e-01 6.653804e-01 1.982666e+00 1.284336e-04 1.458444e-05
 8233.312310 2.008989e+00 8.356223e-01 6.680686e-01 1.980525e+00 1.294046e-04 1.137304e-05
 8238.312310 2.005864e+00 8.362375e-01 6.706783e-01 1.985659e+00 1.063010e-04 1.402467e-05
 8243.312310 2.004992e+00 8.377034e-01 6.735469e-01 1.993122e+00 1.113885e-04 1.313282e-05
 8248.312310 2.003884e+00 8.392083e-01 6.765922e-01 1.991603e+00 1.111739e-04 1.129843e-05
 8253.312310 2.001328e+00 8.401000e-01 6.791744e-01 1.992449e+00 1.272889e-04 1.788333e-05
 8258.312310 1.998374e+00 8.407480e-01 6.815880e-01 1.994243e+00 1.238605e-04 3.252067e-05
 8263.312310 1.995893e+00 8.416478e-01 6.840911e-01 1.993080e+00 1.231005e-04 3.330569e-05
 8268.312310 1.993656e+00 8.426096e-01 6.866855e-01 1.997498e+00 1.239935e-04 1.535488e-05
 8273.312310 1.992694e+00 8.439905e-01 6.893901e-01 2.003671e+00 1.265092e-04 1.302975e-05
 8278.312310 1.985427e+00 8.429570e-01 6.901846e-01 1.994312e+00 1.201405e-04 8.258980e-06
 8283.312310 1.985347e+00 8.447790e-01 6.935954e-01 1.996478e+00 1.021946e-04 1.559573e-05
 8288.312310 1.986026e+00 8.469292e-01 6.970380e-01 2.004503e+00 9.762582e-05 1.570651e-05
 8293.312310 1.984485e+00 8.481620e-01 6.996157e-01 2.002711e+00 1.190052e-04 1.618933e-05
 8298.312310 1.980452e+00 8.483929e-01 7.013283e-01 2.004080e+00 1.244494e-04 1.515906e-05
 8303.000000 1.978738e+00 8.494586e-01 7.032931e-01 2.002545e+00 1.093143e-04 2.007745e-05
 8304.000000 1.979228e+00 8.500150e-01 7.040935e-01 2.002867e+00 1.290357e-04 3.422159e-05
 8305.000000 1.975523e+00 8.486989e-01 7.032701e-01 2.002058e+00 1.295755e-04 7.329783e-06
 8306.000000 1.978188e+00 8.502428e-01 7.045956e-01 2.011908e+00 1.295197e-04 2.247036e-05
 8307.000000 1.977513e+00 8.504347e-01 7.049235e-01 2.014471e+00 1.213464e-04 5.693651e-06
 8308.000000 1.976386e+00 8.502902e-01 7.050743e-01 2.008267e+00 1.248912e-04 -2.297306e-05
 8309.000000 1.972659e+00 8.489863e-01 7.041167e-01 2.000742e+00 1.090226e-04 -2.858022e-05
 8310.000000 1.977006e+00 8.513814e-01 7.057978e-01 2.010465e+00 1.353217e-04 -1.487464e-05
 8310.200000 1.975954e+00 8.507269e-01 7.058459e-01 2.036621e+00 1.705507e-04 5.375919e-07
 8310.400000 1.980846e+00 8.530595e-01 7.073926e-01 2.009662e+00 1.014530e-04 -1.153694e-05
 8310.600000 1.969682e+00 8.483239e-01 7.040165e-01 1.989918e+00 1.358326e-04 -1.419060e-05
 8310.800000 1.973960e+00 8.503176e-01 7.052437e-01 2.029538e+00 1.377841e-04 1.353210e-05
 8311.000000 1.965675e+00 8.471651e-01 7.032670e-01 2.005711e+00 1.388860e-04 1.388288e-05
 8311.200000 1.969314e+00 8.485727e-01 7.042093e-01 2.007117e+00 1.094908e-04 -4.184318e-06
 8311.400000 1.972192e+00 8.498546e-01 7.049512e-01 2.027624e+00 8.731443e-05 -1.673597e-05
 8311.600000 1.985663e+00 8.554157e-01 7.091635e-01 2.015525e+00 1.967617e-04 1.795752e-05
 8311.800000 1.966778e+00 8.477605e-01 7.038180e-01 2.013334e+00 1.495542e-04 1.757116e-05
 8312.000000 1.974096e+00 8.507323e-01 7.062140e-01 2.008810e+00 1.316430e-04 -3.187926e-05
 8312.200000 1.976299e+00 8.518830e-01 7.066000e-01 2.003887e+00 1.583455e-04 -1.656375e-05
 8312.400000 1.983103e+00 8.547438e-01 7.088227e-01 2.041284e+00 9.018658e-05 -4.451772e-05
 8312.600000 1.975911e+00 8.518483e-01 7.067774e-01 2.012210e+00 1.357997e-04 -6.969993e-06
 8312.800000 1.980350e+00 8.539288e-01 7.083244e-01 1.996968e+00 1.256548e-04 9.655973e-06
 8313.000000 1.966352e+00 8.480535e-01 7.034738e-01 1.996439e+00 8.171993e-05 -3.551282e-06
 8313.200000 1.975974e+00 8.519667e-01 7.067292e-01 2.009486e+00 1.277754e-04 2.098490e-05
 8313.400000 1.977958e+00 8.529066e-01 7.077446e-01 2.039896e+00 1.433313e-04 4.186354e-05
 8313.600000 1.973052e+00 8.509934e-01 7.061869e-01 2.010493e+00 1.483762e-04 4.287107e-05
 8313.800000 1.962287e+00 8.461382e-01 7.023612e-01 1.984194e+00 1.219548e-04 2.853098e-05
 8314.000000 1.976483e+00 8.526703e-01 7.069902e-01 1.997813e+00 1.453522e-04 1.420590e-05
 8314.200000 1.978376e+00 8.535126e-01 7.079322e-01 2.000811e+00 1.374951e-04 2.928290e-05
 8314.400000 1.975901e+00 8.525686e-01 7.067497e-01 2.019145e+00 9.371802e-05 3.061334e-06
 8314.600000 1.985939e+00 8.569033e-01 7.104082e-01 2.025257e+00 1.001100e-04 -2.460587e-05
 8314.800000 1.983636e+00 8.558758e-01 7.091020e-01 2.023374e+00 1.869287e-04 3.845399e-06
 8315.000000 1.968991e+00 8.500124e-01 7.054010e-01 2.029666e+00 1.612972e-04 3.557009e-06
 8315.200000 1.971920e+00 8.511990e-01 7.063031e-01 2.014807e+00 1.057997e-04 -8.383132e-06
 8315.400000 1.976163e+00 8.529010e-01 7.075360e-01 2.026878e+00 1.167752e-04 5.734412e-06
 8315.600000 1.981591e+00 8.554069e-01 7.087792e-01 2.016397e+00 1.731542e-04 1.873650e-05
 8315.800000 1.966696e+00 8.492635e-01 7.049138e-01 1.990957e+00 9.850265e-05 -1.198146e-05
 8316.000000 1.972587e+00 8.519640e-01 7.065380e-01 1.996277e+00 1.075890e-04 -2.941646e-05
 8316.200000 1.976366e+00 8.535770e-01 7.078052e-01 2.036461e+00 1.369510e-04 -3.339252e-05
 8316.400000 1.976305e+00 8.534209e-01 7.075259e-01 2.002095e+00 1.535359e-04 4.950216e-06
 8316.600000 1.977610e+00 8.540388e-01 7.080911e-01 2.000701e+00 1.675987e-04 6.932857e-06
 8316.800000 1.974532e+00 8.530362e-01 7.072877e-01 2.024829e+00 1.168191e-04 1.300072e-05
 8317.000000 1.980346e+00 8.552744e-01 7.079891e-01 2.017942e+00 1.136092e-04 2.112688e-05
 8317.200000 1.977895e+00 8.543056e-01 7.076854e-01 2.014999e+00 1.669940e-04 2.212587e-05
 8317.400000 1.980264e+00 8.553008e-01 7.087278e-01 2.008418e+00 1.481482e-04 -2.668345e-06
 8317.600000 1.967330e+00 8.501679e-01 7.044244e-01 2.000206e+00 1.858800e-04 1.943974e-05
 8317.800000 1.972393e+00 8.525176e-01 7.063423e-01 2.010071e+00 1.498188e-04 8.250432e-06
 8318.000000 1.976116e+00 8.539263e-01 7.078255e-01 2.021969e+00 1.606901e-04 2.153445e-05
 8318.200000 1.976961e+00 8.542453e-01 7.081577e-01 2.011315e+00 1.992039e-04 5.563897e-06
 8318.400000 1.970388e+00 8.518459e-01 7.053866e-01 1.971137e+00 1.236840e-04 -4.402238e-06
 8318.600000 1.965984e+00 8.498423e-01 7.048829e-01 2.013441e+00 1.779031e-04 1.458318e-05
 8318.800000 1.973287e+00 8.528530e-01 7.067911e-01 2.027663e+00 1.480074e-04 4.663717e-06
 8319.000000 1.976620e+00 8.542718e-01 7.076812e-01 2.031390e+00 1.208175e-04 -1.823568e-05
 8319.200000 1.967414e+00 8.505279e-01 7.042275e-01 1.992048e+00 1.773631e-04 2.658152e-05
 8319.400000 1.962003e+00 8.485542e-01 7.033368e-01 1.985475e+00 2.068157e-04 2.911238e-05
 8319.600000 1.972505e+00 8.533122e-01 7.063920e-01 2.020284e+00 1.844083e-04 3.791736e-05
 8319.800000 1.956293e+00 8.460770e-01 7.007501e-01 1.993383e+00 8.483648e-05 -2.607509e-05
 8320.000000 1.971463e+00 8.526890e-01 7.059964e-01 2.008915e+00 1.460340e-04 2.771931e-05
 8320.200000 1.978943e+00 8.556590e-01 7.081318e-01 2.016669e+00 1.552682e-04 8.073268e-07
 8320.400000 1.971375e+00 8.525237e-01 7.054811e-01 2.002732e+00 1.408913e-04 8.416117e-06
 8320.600000 1.973226e+00 8.535542e-01 7.062819e-01 2.036079e+00 1.272083e-04 5.304562e-06
 8320.800000 1.975748e+00 8.547691e-01 7.073221e-01 2.021801e+00 1.067877e-04 -1.851402e-05
 8321.000000 1.970943e+00 8.527685e-01 7.056925e-01 2.021597e+00 1.116017e-04 -2.228122e-05
 8321.200000 1.967018e+00 8.509761e-01 7.040743e-01 1.998751e+00 5.337708e-05 -3.579050e-05
 8321.400000 1.976999e+00 8.553512e-01 7.071403e-01 2.013900e+00 8.496832e-05 -1.217813e-05
 8321.600000 1.969786e+00 8.523400e-01 7.050266e-01 2.005095e+00 6.951235e-05 -2.962081e-05
 8321.800000 1.968694e+00 8.520020e-01 7.045574e-01 2.010678e+00 6.574723e-05 -2.474191e-05
 8322.000000 1.970009e+00 8.526714e-01 7.048541e-01 1.987450e+00 1.058163e-04 3.503814e-06
 8322.200000 1.964362e+00 8.500593e-01 7.032785e-01 2.021119e+00 9.820590e-05 -1.762153e-06
 8322.400000 1.973856e+00 8.542275e-01 7.057712e-01 2.036208e+00 1.754882e-04 1.233794e-05
 8322.600000 1.968723e+00 8.524624e-01 7.040469e-01 2.013723e+00 1.182205e-04 -5.736503e-06
 8322.800000 1.975156e+00 8.552551e-01 7.057988e-01 2.022384e+00 9.733804e-05 -3.125648e-05
 8323.000000 1.964702e+00 8.507843e-01 7.021987e-01 1.981791e+00 8.460349e-05 -3.001501e-05
 8323.200000 1.977884e+00 8.563262e-01 7.062616e-01 2.030539e+00 8.910858e-05 -4.565701e-05
 8323.400000 1.961175e+00 8.495092e-01 7.014621e-01 1.996595e+00 1.684523e-04 1.023531e-05
 8323.600000 1.968208e+00 8.527675e-01 7.034929e-01 2.012277e+00 1.574429e-04 -4.131319e-06
 8323.800000 1.966022e+00 8.517580e-01 7.025724e-01 2.007608e+00 7.365588e-05 -9.000361e-06
 8324.000000 1.973813e+00 8.551889e-01 7.042441e-01 2.008926e+00 9.320263e-05 -1.173556e-05
 8324.200000 1.972233e+00 8.546214e-01 7.039968e-01 2.030267e+00 5.819659e-05 -2.927317e-05
 8324.400000 1.975655e+00 8.559552e-01 7.043034e-01 2.009438e+00 3.516094e-05 -4.773535e-06
 8324.600000 1.973446e+00 8.554495e-01 7.038020e-01 2.036330e+00 4.910641e-05 -8.203392e-06
 8324.800000 1.971586e+00 8.543912e-01 7.029784e-01 2.017589e+00 2.944899e-05 -1.114279e-05
 8325.000000 1.968652e+00 8.530989e-01 7.011502e-01 2.010318e+00 1.120898e-04 2.324947e-05
 8325.200000 1.965909e+00 8.520633e-01 7.005277e-01 2.016948e+00 9.376019e-05 1.026463e-05
 8325.400000 1.970085e+00 8.540972e-01 7.017158e-01 2.034240e+00 8.154183e-05 -1.433144e-05
 8325.600000 1.973131e+00 8.554465e-01 7.021182e-01 2.020692e+00 6.844468e-05 -7.463102e-06
 8325.800000 1.966713e+00 8.528114e-01 7.000348e-01 2.003634e+00 1.243116e-04 2.079317e-05
 8326.000000 1.972022e+00 8.551725e-01 7.011890e-01 2.018024e+00 9.808897e-05 5.319609e-07
 8326.200000 1.968396e+00 8.536190e-01 6.996325e-01 2.020827e+00 8.165099e-05 -1.709958e-05
 8326.400000 1.971699e+00 8.551808e-01 7.005240e-01 2.018015e+00 1.269935e-04 -3.295784e-06
 8326.600000 1.964209e+00 8.521092e-01 6.976921e-01 2.005251e+00 1.553863e-04 1.196212e-05
 8326.800000 1.966730e+00 8.533936e-01 6.981952e-01 2.001407e+00 9.028101e-05 -1.516975e-05
 8327.000000 1.971220e+00 8.554402e-01 6.988576e-01 2.017481e+00 1.091535e-04 -1.843109e-05
 8327.200000 1.968794e+00 8.544508e-01 6.978074e-01 2.008198e+00 1.143164e-04 -1.223154e-05
 8327.400000 1.972778e+00 8.559655e-01 6.975896e-01 2.010505e+00 9.084526e-05 -2.646732e-05
 8327.600000 1.972693e+00 8.559520e-01 6.976606e-01 2.012519e+00 1.207840e-04 -8.630113e-06
 8327.800000 1.969697e+00 8.550316e-01 6.959440e-01 2.011784e+00 9.143820e-05 -2.596613e-05
 8328.000000 1.971791e+00 8.559154e-01 6.959185e-01 2.022456e+00 9.965749e-05 -4.388596e-05
 8328.200000 1.967312e+00 8.541352e-01 6.936338e-01 2.019601e+00 1.019501e-04 -3.976825e-05
 8328.400000 1.968054e+00 8.544258e-01 6.927715e-01 2.006714e+00 8.170233e-05 -3.719156e-05
 8328.600000 1.974073e+00 8.567867e-01 6.936707e-01 2.020906e+00 8.316131e-05 -3.715503e-05
 8328.800000 1.968906e+00 8.548725e-01 6.914078e-01 2.023997e+00 1.533974e-04 -2.171111e-05
 8329.000000 1.966529e+00 8.540283e-01 6.892840e-01 2.007531e+00 1.282039e-04 -1.876690e-05
 8329.200000 1.970389e+00 8.554425e-01 6.888738e-01 2.009958e+00 1.508609e-04 -1.805687e-05
 8329.400000 1.970085e+00 8.556249e-01 6.878129e-01 2.012901e+00 1.316416e-04 -2.404490e-05
 8329.600000 1.965355e+00 8.537989e-01 6.849311e-01 2.017736e+00 1.095708e-04 -4.045441e-05
 8329.800000 1.963336e+00 8.529679e-01 6.826438e-01 1.999505e+00 1.079376e-04 -4.108983e-05
 8330.000000 1.965853e+00 8.539731e-01 6.812399e-01 2.024808e+00 8.819256e-05 -4.389233e-05
 8330.200000 1.972256e+00 8.568284e-01 6.810987e-01 2.034096e+00 1.074945e-04 -1.228008e-05
 8330.400000 1.973595e+00 8.574608e-01 6.787350e-01 2.025084e+00 9.850552e-05 1.185209e-06
 8330.600000 1.966779e+00 8.545973e-01 6.738886e-01 2.005445e+00 1.220086e-04 2.687620e-05
 8330.800000 1.971847e+00 8.567009e-01 6.720764e-01 2.016466e+00 8.079874e-05 6.687312e-06
 8331.000000 1.972590e+00 8.571829e-01 6.681232e-01 2.030646e+00 4.333147e-05 -2.850265e-05
 8331.200000 1.969129e+00 8.558972e-01 6.623181e-01 2.019611e+00 6.858315e-05 -3.049463e-05
 8331.400000 1.961330e+00 8.528411e-01 6.544982e-01 2.015593e+00 7.400562e-05 5.912456e-07
 8331.600000 1.970505e+00 8.565278e-01 6.502332e-01 2.034621e+00 6.951081e-05 -9.440673e-06
 8331.800000 1.969813e+00 8.563553e-01 6.417052e-01 2.016434e+00 9.703103e-05 -4.354901e-08
 8332.000000 1.959856e+00 8.518992e-01 6.284635e-01 2.036522e+00 8.861582e-05 1.561209e-05
 8332.200000 1.963806e+00 8.539701e-01 6.174861e-01 2.021894e+00 1.415990e-04 2.932060e-05
 8332.400000 1.965052e+00 8.544678e-01 6.030258e-01 2.008074e+00 1.701611e-04 4.846938e-05
 8332.600000 1.967544e+00 8.555528e-01 5.868356e-01 2.019049e+00 1.431220e-04 1.598327e-05
 8332.800000 1.966725e+00 8.553831e-01 5.685047e-01 2.031330e+00 7.956536e-05 -1.992690e-05
 8333.000000 1.962438e+00 8.534179e-01 5.483412e-01 2.010416e+00 1.069288e-04 -2.228411e-05
 8333.200000 1.961321e+00 8.532075e-01 5.283076e-01 2.028148e+00 9.721053e-05 -1.979084e-05
 8333.400000 1.964838e+00 8.548687e-01 5.098551e-01 2.017409e+00 1.379075e-04 1.828015e-05
 8333.600000 1.970330e+00 8.572926e-01 4.920937e-01 2.009637e+00 1.045320e-04 8.621664e-06
 8333.800000 1.964070e+00 8.546137e-01 4.733290e-01 2.020126e+00 9.810355e-05 -2.328301e-06
 8334.000000 1.962841e+00 8.540687e-01 4.570315e-01 2.012320e+00 8.182993e-05 -5.582529e-06
 8334.200000 1.962731e+00 8.540599e-01 4.416111e-01 2.009655e+00 7.931580e-05 -4.079864e-06
 8334.400000 1.959278e+00 8.526989e-01 4.269845e-01 2.016830e+00 9.202293e-05 -8.698063e-06
 8334.600000 1.966068e+00 8.556377e-01 4.152506e-01 2.028813e+00 1.019404e-04 -2.281218e-06
 8334.800000 1.962701e+00 8.542832e-01 4.029551e-01 2.010298e+00 1.146741e-04 1.033603e-05
 8335.000000 1.963010e+00 8.546021e-01 3.924487e-01 2.016584e+00 1.081572e-04 1.568381e-05
 8335.200000 1.965478e+00 8.557493e-01 3.836384e-01 2.020929e+00 9.029411e-05 -1.341341e-05
 8335.400000 1.962732e+00 8.546305e-01 3.749787e-01 2.018458e+00 9.097520e-05 -5.214344e-06
 8335.600000 1.963427e+00 8.550466e-01 3.680008e-01 2.018974e+00 7.966501e-05 -2.021665e-05
 8335.800000 1.962901e+00 8.549390e-01 3.617279e-01 2.026376e+00 1.092078e-04 -8.152957e-06
 8336.000000 1.962803e+00 8.549404e-01 3.563355e-01 2.022846e+00 1.243026e-04 -1.171663e-05
 8336.200000 1.966612e+00 8.567500e-01 3.521938e-01 2.029631e+00 1.324429e-04 1.526603e-07
 8336.400000 1.964769e+00 8.558699e-01 3.477810e-01 2.021279e+00 1.109729e-04 3.118080e-06
 8336.600000 1.964057e+00 8.555265e-01 3.441631e-01 2.017580e+00 9.222579e-05 -1.953660e-05
 8336.800000 1.965049e+00 8.560714e-01 3.410441e-01 2.017132e+00 9.365284e-05 -1.072673e-05
 8337.000000 1.965455e+00 8.563766e-01 3.382503e-01 2.021115e+00 1.028243e-04 -5.325459e-06
 8337.200000 1.964155e+00 8.557731e-01 3.353700e-01 2.016214e+00 1.343307e-04 -7.883924e-06
 8337.400000 1.965344e+00 8.563841e-01 3.329724e-01 2.024396e+00 1.293338e-04 2.340110e-06
 8337.600000 1.963312e+00 8.555550e-01 3.304424e-01 2.026349e+00 1.122477e-04 -8.097170e-06
 8337.800000 1.965172e+00 8.563640e-01 3.281897e-01 2.025980e+00 1.193968e-04 -2.605128e-05
 8338.000000 1.962858e+00 8.554120e-01 3.251340e-01 2.018748e+00 8.957177e-05 -3.232513e-05
 8338.200000 1.962687e+00 8.553429e-01 3.219446e-01 2.017143e+00 1.434238e-04 -1.211635e-05
 8338.400000 1.964236e+00 8.561201e-01 3.185757e-01 2.020442e+00 1.251474e-04 -1.750866e-05
 8338.600000 1.962934e+00 8.556682e-01 3.145720e-01 2.022743e+00 1.182000e-04 -3.333252e-05
 8338.800000 1.963477e+00 8.558026e-01 3.103845e-01 2.025596e+00 1.034634e-04 -4.008161e-05
 8339.000000 1.961113e+00 8.549263e-01 3.056544e-01 2.025595e+00 1.197949e-04 -3.751581e-05
 8339.200000 1.961340e+00 8.552120e-01 3.009849e-01 2.020415e+00 1.006267e-04 -4.252767e-05
 8339.400000 1.962552e+00 8.557657e-01 2.964314e-01 2.024025e+00 1.284430e-04 -1.619525e-05
 8339.600000 1.963740e+00 8.562688e-01 2.918628e-01 2.019933e+00 1.245585e-04 -2.544657e-06
 8339.800000 1.958717e+00 8.542370e-01 2.869147e-01 2.017463e+00 1.540773e-04 -3.699504e-06
 8340.000000 1.965530e+00 8.572074e-01 2.834945e-01 2.027384e+00 1.207663e-04 -3.082790e-05
 8340.200000 1.964312e+00 8.567715e-01 2.794037e-01 2.029253e+00 1.010158e-04 2.594777e-06
 8340.400000 1.962077e+00 8.558712e-01 2.754193e-01 2.017325e+00 8.976885e-05 -1.200223e-05
 8340.600000 1.964614e+00 8.568502e-01 2.722186e-01 2.033892e+00 9.872628e-05 -2.700578e-05
 8340.800000 1.958635e+00 8.544457e-01 2.682714e-01 2.025216e+00 1.029614e-04 -2.575641e-05
 8341.000000 1.960588e+00 8.554542e-01 2.652438e-01 2.008665e+00 1.374799e-04 -1.942448e-06
 8341.200000 1.961275e+00 8.559724e-01 2.620547e-01 2.023461e+00 1.058104e-04 -3.707297e-07
 8341.400000 1.959908e+00 8.553662e-01 2.586968e-01 2.020356e+00 1.145642e-04 -7.069298e-06
 8341.600000 1.957011e+00 8.542282e-01 2.551469e-01 2.022833e+00 1.096548e-04 -1.879469e-05
 8341.800000 1.962026e+00 8.564629e-01 2.521973e-01 2.023454e+00 1.116434e-04 -1.607994e-05
 8342.000000 1.964017e+00 8.572509e-01 2.489019e-01 2.016856e+00 4.749256e-05 -2.478651e-05
 8342.200000 1.965103e+00 8.577735e-01 2.453694e-01 2.033049e+00 3.748240e-05 -9.543301e-06
 8342.400000 1.962371e+00 8.568167e-01 2.409833e-01 2.031104e+00 1.898658e-05 -1.877672e-05
 8342.600000 1.963352e+00 8.572104e-01 2.370695e-01 2.027138e+00 2.371046e-05 -2.098109e-05
 8342.800000 1.965869e+00 8.585161e-01 2.329490e-01 2.028654e+00 3.688702e-05 -2.411201e-05
 8343.000000 1.964685e+00 8.577865e-01 2.283211e-01 2.037295e+00 7.057568e-05 -1.989242e-05
 8343.200000 1.964575e+00 8.579196e-01 2.234969e-01 2.032637e+00 7.361818e-05 -1.472912e-05
 8343.400000 1.962280e+00 8.569995e-01 2.183132e-01 2.023548e+00 6.976721e-05 -1.465251e-05
 8343.600000 1.961908e+00 8.567780e-01 2.130596e-01 2.022550e+00 6.740890e-05 -4.021334e-05
 8343.800000 1.964445e+00 8.580061e-01 2.079058e-01 2.030017e+00 6.293785e-05 -6.152052e-05
 8344.000000 1.956698e+00 8.550380e-01 2.021187e-01 2.009510e+00 1.215725e-04 -1.064727e-05
 8344.200000 1.955396e+00 8.545047e-01 1.967171e-01 2.026054e+00 1.274030e-04 3.206990e-09
 8344.400000 1.956598e+00 8.550313e-01 1.913006e-01 2.022197e+00 9.273284e-05 -5.037856e-06
 8344.600000 1.959075e+00 8.561820e-01 1.861384e-01 2.007640e+00 1.108828e-04 4.220068e-06
 8344.800000 1.960795e+00 8.569777e-01 1.810759e-01 2.022890e+00 1.065300e-04 2.377717e-06
 8345.000000 1.955172e+00 8.546245e-01 1.754469e-01 2.027354e+00 1.053040e-04 -9.675551e-06
 8345.200000 1.956760e+00 8.552872e-01 1.703511e-01 2.022772e+00 1.195846e-04 -1.545366e-05
 8345.400000 1.960828e+00 8.570651e-01 1.655005e-01 2.021304e+00 9.969884e-05 -1.661985e-05
 8345.600000 1.959431e+00 8.567013e-01 1.603727e-01 2.013630e+00 1.391599e-04 1.827698e-05
 8345.800000 1.957566e+00 8.557642e-01 1.553914e-01 2.018526e+00 9.949088e-05 -1.280125e-05
 8346.000000 1.958036e+00 8.561526e-01 1.506979e-01 2.009339e+00 9.425374e-05 -4.734401e-05
 8346.200000 1.953624e+00 8.544038e-01 1.456121e-01 2.014237e+00 1.122907e-04 -2.584134e-05
 8346.400000 1.955595e+00 8.553746e-01 1.411866e-01 2.017284e+00 1.245017e-04 2.404038e-06
 8346.600000 1.954702e+00 8.549990e-01 1.366588e-01 2.015962e+00 7.517166e-05 -2.284169e-05
 8346.800000 1.957561e+00 8.562833e-01 1.326377e-01 2.025083e+00 4.316350e-05 -4.133391e-05
 8347.000000 1.960239e+00 8.573781e-01 1.288539e-01 2.035414e+00 1.441684e-05 -4.073778e-05
 8347.200000 1.952227e+00 8.541019e-01 1.246136e-01 2.010525e+00 5.791562e-05 -2.432364e-05
 8347.400000 1.957859e+00 8.565883e-01 1.212996e-01 2.024402e+00 2.023607e-05 -3.089639e-05
 8347.600000 1.960169e+00 8.576817e-01 1.180945e-01 2.040808e+00 2.379886e-05 -3.990127e-05
 8347.800000 1.961076e+00 8.579807e-01 1.149472e-01 2.038956e+00 4.594285e-05 -3.472518e-06
 8348.000000 1.957677e+00 8.565329e-01 1.121439e-01 2.034484e+00 8.830487e-05 -1.382072e-05
 8348.200000 1.962942e+00 8.590477e-01 1.099741e-01 2.050637e+00 8.369516e-05 -1.997685e-05
 8348.400000 1.958354e+00 8.572026e-01 1.077161e-01 2.037662e+00 9.552655e-05 -2.034432e-05
 8348.600000 1.958558e+00 8.573728e-01 1.057109e-01 2.022050e+00 5.995029e-05 -3.417125e-05
 8348.800000 1.956552e+00 8.566416e-01 1.041532e-01 2.021730e+00 9.212975e-05 -1.259774e-05
 8349.000000 1.962841e+00 8.593736e-01 1.029941e-01 2.031370e+00 9.848429e-05 -1.052376e-05
 8349.200000 1.948234e+00 8.531305e-01 1.014473e-01 2.032228e+00 9.278588e-05 -2.173684e-05
 8349.400000 1.950389e+00 8.541706e-01 1.006054e-01 1.998219e+00 1.336967e-04 2.147145e-06
 8349.600000 1.952165e+00 8.548757e-01 9.998651e-02 2.040423e+00 9.094636e-05 -9.740314e-06
 8349.800000 1.958406e+00 8.579510e-01 9.963259e-02 2.025916e+00 8.685253e-05 -1.074412e-05
 8350.000000 1.950766e+00 8.545980e-01 9.899649e-02 2.018024e+00 8.156844e-05 -4.576225e-06
 8350.200000 1.956718e+00 8.573213e-01 9.921011e-02 2.021787e+00 1.546016e-04 -6.409942e-06
 8350.400000 1.950772e+00 8.546818e-01 9.876860e-02 2.021680e+00 1.086689e-04 -2.838792e-05
 8350.600000 1.955769e+00 8.568121e-01 9.900466e-02 2.028926e+00 7.815534e-05 -3.183630e-05
 8350.800000 1.956394e+00 8.571246e-01 9.916363e-02 2.023526e+00 7.306431e-05 -3.514775e-05
 8351.000000 1.955436e+00 8.565575e-01 9.928915e-02 2.011340e+00 1.076157e-04 -1.843397e-05
 8351.200000 1.950066e+00 8.546612e-01 9.940284e-02 2.010992e+00 1.231500e-04 -1.713956e-06
 8351.400000 1.954798e+00 8.568904e-01 9.995984e-02 2.018000e+00 1.089655e-04 -1.053015e-05
 8351.600000 1.946805e+00 8.534479e-01 1.000125e-01 2.006323e+00 1.134045e-04 -3.985996e-06
 8351.800000 1.952596e+00 8.559713e-01 1.007142e-01 2.034416e+00 7.067792e-05 -9.498191e-06
 8352.000000 1.952062e+00 8.557540e-01 1.012960e-01 2.016811e+00 1.093039e-04 -1.216870e-05
 8352.200000 1.954177e+00 8.568437e-01 1.018215e-01 2.027284e+00 1.634150e-04 2.587431e-06
 8352.400000 1.954639e+00 8.571082e-01 1.025046e-01 2.017664e+00 9.243196e-05 -2.887514e-05
 8352.600000 1.947982e+00 8.541611e-01 1.027467e-01 2.006791e+00 9.723570e-05 -4.861403e-06
 8352.800000 1.953824e+00 8.567403e-01 1.034545e-01 2.035038e+00 7.408200e-05 -2.169477e-05
 8353.000000 1.949217e+00 8.549400e-01 1.039244e-01 2.001895e+00 1.520078e-04 2.226687e-06
 8353.200000 1.950039e+00 8.556171e-01 1.044509e-01 2.031581e+00 8.400248e-05 -4.054651e-05
 8353.400000 1.953507e+00 8.568783e-01 1.050529e-01 2.007834e+00 7.523359e-05 -4.317348e-05
 8353.600000 1.950309e+00 8.557435e-01 1.051757e-01 2.028018e+00 5.827564e-05 -5.362449e-05
 8353.800000 1.950310e+00 8.560536e-01 1.055654e-01 2.028581e+00 6.795996e-05 -4.799493e-05
 8354.000000 1.953217e+00 8.571674e-01 1.058250e-01 2.009919e+00 1.134820e-04 -2.761429e-05
 8354.200000 1.951861e+00 8.565068e-01 1.058806e-01 2.012365e+00 8.981267e-05 -4.067511e-05
 8354.400000 1.951180e+00 8.563189e-01 1.059098e-01 2.043174e+00 1.684068e-04 -1.892076e-06
 8354.600000 1.945374e+00 8.537756e-01 1.053701e-01 2.034705e+00 1.216061e-04 -3.218532e-05
 8354.800000 1.947806e+00 8.550098e-01 1.052081e-01 2.015168e+00 7.290525e-05 -5.241260e-05
 8355.000000 1.954743e+00 8.581353e-01 1.050865e-01 2.012702e+00 1.119856e-04 -3.632697e-05
 8355.200000 1.954499e+00 8.581176e-01 1.044398e-01 2.030959e+00 1.089919e-04 -3.012812e-05
 8355.400000 1.949938e+00 8.560872e-01 1.035033e-01 2.014475e+00 1.331207e-04 -9.228298e-06
 8355.600000 1.950221e+00 8.566609e-01 1.027906e-01 2.030785e+00 1.153233e-04 -1.542939e-05
 8355.800000 1.949898e+00 8.564716e-01 1.017849e-01 2.026402e+00 9.411030e-05 -3.587706e-05
 8356.000000 1.951672e+00 8.573666e-01 1.009014e-01 2.021998e+00 8.791415e-05 -2.680668e-05
 8356.200000 1.952190e+00 8.574812e-01 9.980507e-02 2.044522e+00 8.329043e-05 -2.953100e-05
 8356.400000 1.954652e+00 8.585846e-01 9.890731e-02 2.039559e+00 4.174377e-05 -5.805560e-05
 8356.600000 1.947285e+00 8.556249e-01 9.746030e-02 2.015551e+00 1.133014e-04 -2.156374e-05
 8356.800000 1.952326e+00 8.579192e-01 9.658452e-02 2.015404e+00 9.877294e-05 -1.891436e-05
 8357.000000 1.948567e+00 8.564123e-01 9.549883e-02 2.024729e+00 1.045881e-04 -2.155797e-05
 8357.200000 1.947890e+00 8.559366e-01 9.448287e-02 2.004720e+00 7.534836e-05 -1.404020e-05
 8357.400000 1.953133e+00 8.581862e-01 9.387596e-02 2.037545e+00 9.830423e-05 1.063198e-05
 8357.600000 1.952349e+00 8.580511e-01 9.311047e-02 2.038688e+00 1.299566e-04 -1.612444e-05
 8357.800000 1.950223e+00 8.571963e-01 9.233227e-02 2.030149e+00 1.203981e-04 8.517664e-06
 8358.000000 1.947550e+00 8.559675e-01 9.154961e-02 2.018530e+00 1.288992e-04 2.320827e-05
 8358.200000 1.952577e+00 8.581698e-01 9.140939e-02 2.025594e+00 9.784429e-05 -2.329099e-05
 8358.400000 1.949580e+00 8.570476e-01 9.105760e-02 2.036130e+00 9.565798e-05 -4.486804e-05
 8358.600000 1.949133e+00 8.570162e-01 9.094474e-02 2.036417e+00 1.109959e-04 -2.893811e-05
 8358.800000 1.950724e+00 8.575050e-01 9.096474e-02 2.024202e+00 1.193162e-04 -2.556136e-05
 8359.000000 1.949974e+00 8.572803e-01 9.110788e-02 2.024820e+00 -1.238364e-05 -7.954550e-05
 8359.200000 1.950479e+00 8.576877e-01 9.127498e-02 2.025077e+00 3.669121e-05 -5.255456e-05
 8359.400000 1.948677e+00 8.570938e-01 9.156352e-02 2.030057e+00 1.851266e-04 5.426817e-06
 8359.600000 1.952414e+00 8.585713e-01 9.199028e-02 2.033663e+00 1.844226e-04 8.199428e-06
 8359.800000 1.951614e+00 8.585130e-01 9.232549e-02 2.014733e+00 1.239982e-04 -3.766458e-05
 8360.000000 1.949442e+00 8.575791e-01 9.274068e-02 2.021583e+00 1.195063e-04 -3.921136e-05
 8360.200000 1.946449e+00 8.566074e-01 9.312652e-02 2.018556e+00 8.182158e-05 -5.168754e-05
 8360.400000 1.944876e+00 8.559935e-01 9.361666e-02 2.021988e+00 6.222340e-05 -4.954647e-05
 8360.600000 1.942742e+00 8.549685e-01 9.399133e-02 1.996207e+00 9.633552e-05 -2.134174e-05
 8360.800000 1.950198e+00 8.583779e-01 9.488319e-02 2.022307e+00 9.996107e-05 -5.685071e-06
 8361.000000 1.935354e+00 8.520981e-01 9.488216e-02 1.998297e+00 1.463660e-04 -1.304329e-06
 8361.200000 1.948832e+00 8.579561e-01 9.585866e-02 2.015039e+00 1.096730e-04 -1.961513e-05
 8361.400000 1.947844e+00 8.577049e-01 9.632450e-02 2.000156e+00 7.258937e-05 -4.843418e-05
 8361.600000 1.949007e+00 8.581944e-01 9.681921e-02 2.021297e+00 1.018082e-04 -1.708643e-05
 8361.800000 1.948918e+00 8.579082e-01 9.725891e-02 2.038061e+00 1.134179e-04 -2.758005e-05
 8362.000000 1.945133e+00 8.566996e-01 9.753533e-02 2.015701e+00 1.163130e-04 -1.124531e-05
 8362.200000 1.950716e+00 8.587688e-01 9.797114e-02 2.048144e+00 1.142505e-04 -1.511995e-05
 8362.400000 1.949831e+00 8.586739e-01 9.840817e-02 2.031956e+00 1.431092e-04 1.590735e-05
 8362.600000 1.947091e+00 8.577740e-01 9.861398e-02 2.003782e+00 4.644938e-05 -2.402698e-06
 8362.800000 1.950964e+00 8.593345e-01 9.928870e-02 2.029428e+00 1.138610e-04 7.445492e-06
 8363.000000 1.947959e+00 8.582910e-01 9.961406e-02 2.038898e+00 1.003339e-04 -2.502845e-05
 8363.200000 1.945598e+00 8.572814e-01 9.992758e-02 2.033334e+00 1.506009e-04 4.148215e-06
 8363.400000 1.947449e+00 8.580810e-01 1.002310e-01 2.025418e+00 1.052880e-04 -2.031299e-05
 8363.600000 1.943894e+00 8.566356e-01 1.005375e-01 2.016571e+00 8.980734e-05 -4.715618e-05
 8363.800000 1.949442e+00 8.593633e-01 1.013275e-01 2.034761e+00 7.953483e-05 -4.636300e-05
 8364.000000 1.951716e+00 8.603371e-01 1.020712e-01 2.022654e+00 1.174573e-04 -1.596262e-05
 8364.200000 1.940772e+00 8.554589e-01 1.021292e-01 2.024348e+00 8.321627e-05 -3.780151e-05
 8364.400000 1.959878e+00 8.637911e-01 1.036137e-01 2.040849e+00 1.699314e-04 8.454896e-06
 8364.600000 1.940802e+00 8.557395e-01 1.031999e-01 2.004886e+00 1.452277e-04 2.037328e-05
 8364.800000 1.945410e+00 8.578118e-01 1.043089e-01 2.038233e+00 9.604964e-05 -3.065984e-05
 8365.000000 1.953089e+00 8.610237e-01 1.050801e-01 2.034925e+00 9.460476e-05 -1.811784e-05
 8365.200000 1.941721e+00 8.563450e-01 1.052379e-01 2.030822e+00 7.133829e-05 -2.792064e-06
 8365.400000 1.946847e+00 8.585252e-01 1.061825e-01 2.022041e+00 1.058433e-04 6.796420e-06
 8365.600000 1.945124e+00 8.575885e-01 1.067798e-01 2.022077e+00 1.033764e-04 1.668455e-05
 8365.800000 1.948335e+00 8.591399e-01 1.073568e-01 2.018743e+00 9.204857e-05 -3.598080e-05
 8366.000000 1.944151e+00 8.576064e-01 1.077302e-01 2.020462e+00 5.983007e-05 -3.205564e-05
 8366.700000 1.949259e+00 8.600867e-01 1.095290e-01 2.035306e+00 3.085921e-05 -2.279876e-05
 8367.400000 1.944261e+00 8.581200e-01 1.102973e-01 2.024031e+00 5.211998e-05 -3.118231e-05
 8368.100000 1.939856e+00 8.564942e-01 1.109211e-01 2.018765e+00 6.350390e-05 -3.716912e-05
 8368.800000 1.941983e+00 8.577855e-01 1.115859e-01 2.021579e+00 6.842664e-05 -2.788663e-05
 8369.500000 1.943224e+00 8.585056e-01 1.121447e-01 2.028217e+00 3.117582e-05 -2.637868e-05
 8370.200000 1.941397e+00 8.579572e-01 1.122700e-01 2.026884e+00 9.754274e-05 -1.890149e-05
 8370.900000 1.944046e+00 8.592489e-01 1.123957e-01 2.024848e+00 8.260830e-05 -1.784275e-05
 8371.600000 1.940872e+00 8.582476e-01 1.118390e-01 2.016479e+00 8.370261e-05 -1.573660e-06
 8372.300000 1.940644e+00 8.582867e-01 1.110110e-01 2.021362e+00 9.419448e-05 -1.351950e-07
 8373.993695 1.940665e+00 8.589816e-01 1.076343e-01 2.016725e+00 1.207866e-04 -7.694095e-06
 8374.999583 1.942278e+00 8.601005e-01 1.049681e-01 2.022665e+00 1.062041e-04 -1.884439e-05
 8376.017662 1.942050e+00 8.602635e-01 1.017248e-01 2.019111e+00 7.908945e-05 -4.180790e-05
 8377.047933 1.941357e+00 8.603994e-01 9.845768e-02 2.033546e+00 7.920675e-05 -3.096462e-05
 8378.090396 1.941751e+00 8.608945e-01 9.502006e-02 2.029824e+00 1.097908e-04 -2.019286e-05
 8379.145051 1.941993e+00 8.614640e-01 9.161786e-02 2.033547e+00 9.849618e-05 -5.112754e-05
 8380.211898 1.942713e+00 8.622026e-01 8.854749e-02 2.041143e+00 1.488468e-04 -1.477579e-05
 8381.290937 1.942609e+00 8.624874e-01 8.612037e-02 2.042555e+00 1.412406e-04 -6.809248e-06
 8382.382167 1.940371e+00 8.618589e-01 8.462116e-02 2.039344e+00 1.067512e-04 -2.743791e-05
 8383.485590 1.940480e+00 8.623576e-01 8.450859e-02 2.039708e+00 1.341515e-04 -1.663090e-05
 8384.601204 1.938098e+00 8.618383e-01 8.536916e-02 2.034872e+00 8.571712e-05 -4.413841e-05
 8385.729011 1.937692e+00 8.620838e-01 8.738890e-02 2.038564e+00 1.296041e-04 -2.388486e-05
 8386.869009 1.938574e+00 8.627748e-01 9.038302e-02 2.033719e+00 1.607653e-05 -5.197406e-05
 8388.021199 1.937480e+00 8.627519e-01 9.413762e-02 2.040900e+00 2.104086e-05 -2.798452e-05
 8389.185582 1.934510e+00 8.619232e-01 9.805534e-02 2.026943e+00 6.018117e-05 -3.473901e-05
 8390.362156 1.932081e+00 8.612200e-01 1.017803e-01 2.018229e+00 7.097177e-05 -3.142723e-05
 8391.550922 1.933936e+00 8.624569e-01 1.052810e-01 2.027313e+00 6.210568e-05 -1.433275e-05
 8392.751879 1.931814e+00 8.619819e-01 1.084322e-01 2.030058e+00 5.108234e-05 -3.772299e-05
 8393.965029 1.933491e+00 8.632491e-01 1.111579e-01 2.028909e+00 5.979380e-05 -3.710911e-05
 8395.190371 1.930709e+00 8.623896e-01 1.129411e-01 2.034617e+00 3.311107e-05 -3.146384e-05
 8396.427904 1.931821e+00 8.632822e-01 1.139616e-01 2.034582e+00 2.430824e-05 -2.981421e-05
 8397.677630 1.933521e+00 8.646170e-01 1.143321e-01 2.034205e+00 3.954512e-05 -1.584534e-05
 8398.939547 1.927831e+00 8.626176e-01 1.140054e-01 2.025061e+00 2.269162e-05 -3.973096e-05
 8400.213657 1.931857e+00 8.647124e-01 1.143229e-01 2.037069e+00 2.877598e-05 -1.944815e-05
 8401.499958 1.929782e+00 8.643822e-01 1.148189e-01 2.034545e+00 6.572185e-05 -6.389906e-06
 8402.798451 1.929204e+00 8.645274e-01 1.154906e-01 2.030237e+00 4.875508e-05 -2.237941e-05
 8404.109136 1.925277e+00 8.632970e-01 1.159406e-01 2.025485e+00 8.165694e-05 -1.747577e-05
 8405.432013 1.924618e+00 8.635829e-01 1.160014e-01 2.031907e+00 1.014183e-04 -1.343568e-05
 8406.767082 1.929431e+00 8.662051e-01 1.156282e-01 2.040875e+00 1.027419e-04 -1.507771e-05
 8408.114342 1.925851e+00 8.651676e-01 1.143014e-01 2.040188e+00 3.757298e-05 -4.692086e-05
 8409.473795 1.925886e+00 8.655657e-01 1.130608e-01 2.038337e+00 4.889039e-05 -3.507949e-05
 8410.845440 1.927302e+00 8.667649e-01 1.120026e-01 2.041760e+00 1.047100e-04 -2.546942e-06
 8412.229276 1.924334e+00 8.660187e-01 1.110735e-01 2.031501e+00 6.798587e-05 -1.324489e-05
 8413.625305 1.927731e+00 8.679148e-01 1.102299e-01 2.049248e+00 7.929168e-05 -1.083695e-05
 8415.033525 1.924962e+00 8.671778e-01 1.087293e-01 2.037476e+00 9.612676e-05 -1.653349e-05
 8416.453937 1.922240e+00 8.666752e-01 1.067946e-01 2.037746e+00 9.959343e-05 -2.442152e-05
 8417.886541 1.926328e+00 8.689480e-01 1.049658e-01 2.048191e+00 9.931520e-05 -6.497955e-06
 8419.331337 1.922556e+00 8.677537e-01 1.029451e-01 2.042578e+00 9.043566e-05 -1.031553e-05
 8420.788325 1.920594e+00 8.673792e-01 1.011588e-01 2.036399e+00 9.697911e-05 -2.630364e-05
 8422.257505 1.920952e+00 8.681972e-01 9.950019e-02 2.043772e+00 1.279256e-04 -1.896543e-05
 8423.738877 1.918699e+00 8.676178e-01 9.743143e-02 2.039666e+00 9.182810e-05 -2.807090e-05
 8425.232440 1.918155e+00 8.680618e-01 9.518041e-02 2.033970e+00 1.046337e-04 -2.798182e-05
 8426.738196 1.916378e+00 8.677365e-01 9.277167e-02 2.044381e+00 8.305758e-05 -2.666255e-05
 8428.256143 1.917930e+00 8.691283e-01 9.056216e-02 2.043654e+00 7.555039e-05 -3.117692e-05
 8429.786283 1.917767e+00 8.694989e-01 8.867143e-02 2.034127e+00 6.305778e-05 -4.724423e-05
 8431.328614 1.917983e+00 8.701119e-01 8.742440e-02 2.041100e+00 7.380892e-05 -2.105359e-05
 8432.883137 1.914965e+00 8.692135e-01 8.704695e-02 2.040683e+00 2.293071e-05 -2.492969e-05
 8434.449852 1.915203e+00 8.700135e-01 8.775712e-02 2.057376e+00 2.179664e-05 -2.767358e-05
 8436.028759 1.914995e+00 8.705370e-01 8.952678e-02 2.053968e+00 8.080503e-05 -4.106999e-05
 8437.619858 1.912967e+00 8.701739e-01 9.187900e-02 2.041536e+00 1.037980e-04 -3.882043e-05
 8439.223149 1.912735e+00 8.706071e-01 9.481727e-02 2.037696e+00 5.253809e-05 -5.339425e-05
 8440.838632 1.910803e+00 8.705879e-01 9.790892e-02 2.049315e+00 1.033896e-04 -3.676191e-05
 8442.466307 1.912345e+00 8.717412e-01 1.012687e-01 2.048033e+00 6.019252e-05 -5.986047e-05
 8444.106173 1.908887e+00 8.707927e-01 1.045477e-01 2.043614e+00 6.851656e-05 -4.565525e-05
 8445.758232 1.909144e+00 8.714924e-01 1.075868e-01 2.039321e+00 8.623865e-05 -3.742442e-05
 8447.422482 1.909536e+00 8.721545e-01 1.100330e-01 2.052888e+00 8.705928e-05 -4.630256e-05
 8449.098924 1.907694e+00 8.718624e-01 1.121521e-01 2.053130e+00 8.557267e-05 -4.790650e-05
 8450.787558 1.907540e+00 8.724633e-01 1.149419e-01 2.048013e+00 7.628857e-05 -4.517991e-05
 8452.488385 1.906233e+00 8.725601e-01 1.183429e-01 2.037135e+00 6.833891e-05 -6.545541e-05
 8454.201403 1.905387e+00 8.727535e-01 1.223124e-01 2.046555e+00 5.949230e-05 -5.417107e-05
 8455.926613 1.903446e+00 8.726205e-01 1.261984e-01 2.043117e+00 5.986769e-05 -5.043947e-05
 8457.664014 1.904713e+00 8.737515e-01 1.294283e-01 2.046820e+00 8.882788e-05 -4.368102e-05
 8459.413608 1.902164e+00 8.731686e-01 1.310739e-01 2.042247e+00 4.563219e-05 -4.812824e-05
 8461.175394 1.903539e+00 8.743902e-01 1.316399e-01 2.047966e+00 3.342443e-05 -5.485376e-05
 8462.949371 1.902512e+00 8.747299e-01 1.307170e-01 2.047001e+00 4.113884e-05 -5.885066e-05
 8464.735541 1.901975e+00 8.752383e-01 1.288855e-01 2.057520e+00 7.029980e-05 -3.511099e-05
 8466.533902 1.902496e+00 8.761198e-01 1.262765e-01 2.058005e+00 7.148886e-05 -3.158439e-05
 8468.344455 1.898010e+00 8.746894e-01 1.230705e-01 2.048007e+00 7.597823e-05 -3.719681e-05
 8470.167201 1.897252e+00 8.747158e-01 1.200636e-01 2.043156e+00 1.081824e-04 -1.219188e-05
 8472.002138 1.897925e+00 8.758643e-01 1.175469e-01 2.057539e+00 8.321056e-05 -2.857208e-05
 8473.849267 1.896231e+00 8.758533e-01 1.156447e-01 2.054211e+00 4.571209e-05 -5.010288e-05
 8475.708588 1.896746e+00 8.765500e-01 1.149339e-01 2.063523e+00 8.536738e-05 -3.802838e-05
 8477.580100 1.896955e+00 8.773550e-01 1.151361e-01 2.061675e+00 1.040530e-04 -2.607297e-05
 8479.463805 1.896775e+00 8.779015e-01 1.160942e-01 2.051844e+00 7.100934e-05 -1.729111e-05
 8481.359702 1.895248e+00 8.779027e-01 1.169261e-01 2.052243e+00 3.864709e-05 -2.948825e-05
 8483.267790 1.894797e+00 8.785070e-01 1.170392e-01 2.062105e+00 5.725533e-05 -1.115179e-05
 8485.188071 1.892694e+00 8.782903e-01 1.154624e-01 2.064242e+00 8.866313e-05 -8.721183e-06
 8487.120543 1.892356e+00 8.786973e-01 1.120356e-01 2.055176e+00 6.648175e-05 -1.799888e-05
 8489.065207 1.890864e+00 8.786843e-01 1.071237e-01 2.053363e+00 3.869737e-05 -3.037172e-05
 8491.022064 1.888270e+00 8.783211e-01 1.021146e-01 2.058865e+00 5.785619e-05 -1.087753e-05
 8492.991112 1.887444e+00 8.785819e-01 9.810752e-02 2.065275e+00 2.287023e-05 -2.324900e-05
 8494.972352 1.887914e+00 8.794919e-01 9.557728e-02 2.065653e+00 -4.467639e-06 -2.470052e-05
 8496.965784 1.889879e+00 8.810356e-01 9.423330e-02 2.066909e+00 2.441009e-05 -4.156763e-05
 8498.971407 1.885180e+00 8.797036e-01 9.351170e-02 2.054278e+00 5.103597e-05 -3.172104e-05
 8500.989223 1.885114e+00 8.803203e-01 9.349420e-02 2.066634e+00 4.958857e-05 -2.895746e-05
 8503.019231 1.886034e+00 8.814452e-01 9.419581e-02 2.062119e+00 4.048486e-05 -4.898567e-05
 8505.061430 1.885035e+00 8.816907e-01 9.580673e-02 2.067889e+00 6.353389e-05 -2.496101e-05
 8507.115822 1.881617e+00 8.809426e-01 9.841022e-02 2.063520e+00 4.491990e-05 -2.283301e-05
 8509.182405 1.881742e+00 8.816742e-01 1.023462e-01 2.070186e+00 2.984017e-05 -1.355083e-05
 8511.261180 1.880925e+00 8.820617e-01 1.073758e-01 2.064846e+00 2.836069e-05 -6.240927e-06
 8513.352148 1.881174e+00 8.829557e-01 1.135007e-01 2.065119e+00 1.737734e-05 -1.662640e-05
 8515.455307 1.880726e+00 8.834591e-01 1.206760e-01 2.065733e+00 1.908865e-05 -2.395438e-05
 8517.570658 1.877653e+00 8.828077e-01 1.282668e-01 2.063792e+00 8.901940e-05 -2.672268e-05
 8519.698201 1.876527e+00 8.830460e-01 1.358213e-01 2.067003e+00 8.849525e-05 -3.602434e-05
 8521.837935 1.876973e+00 8.840695e-01 1.421752e-01 2.065003e+00 6.516713e-05 -3.075009e-05
 8523.989862 1.874049e+00 8.836375e-01 1.460425e-01 2.058859e+00 1.004416e-04 5.062072e-08
 8526.153981 1.874572e+00 8.846257e-01 1.472602e-01 2.074829e+00 7.117990e-05 -3.054189e-05
 8528.330291 1.873716e+00 8.847548e-01 1.455018e-01 2.073698e+00 9.570346e-05 -1.898348e-05
 8530.518794 1.872732e+00 8.851748e-01 1.417275e-01 2.068464e+00 7.999218e-05 -2.577172e-05
 8532.719488 1.871754e+00 8.855241e-01 1.371020e-01 2.065126e+00 9.234520e-05 -3.345273e-05
 8534.932374 1.870944e+00 8.859142e-01 1.324572e-01 2.071810e+00 8.600292e-05 -4.647277e-05
 8537.157453 1.869705e+00 8.861632e-01 1.283605e-01 2.080415e+00 1.005239e-04 -2.733815e-05
 8539.394723 1.868414e+00 8.864161e-01 1.251449e-01 2.085259e+00 8.092100e-05 -2.320042e-05
 8541.644185 1.867785e+00 8.868995e-01 1.229269e-01 2.075349e+00 7.556202e-05 -3.347424e-05
 8543.905838 1.867515e+00 8.875375e-01 1.217827e-01 2.076479e+00 1.234606e-04 -9.356556e-06
 8546.179684 1.864803e+00 8.871208e-01 1.216609e-01 2.078330e+00 1.129436e-04 -1.140288e-05
 8548.465722 1.863376e+00 8.872527e-01 1.222780e-01 2.069335e+00 1.277344e-04 -1.045014e-05
 8550.763952 1.863417e+00 8.881801e-01 1.232866e-01 2.077320e+00 9.033732e-05 -1.331222e-05
 8553.074373 1.862125e+00 8.884197e-01 1.243206e-01 2.073491e+00 1.185331e-04 -1.539536e-05
 8555.396987 1.860688e+00 8.884305e-01 1.255713e-01 2.073429e+00 6.614621e-05 -4.340497e-05
 8557.731792 1.860060e+00 8.889968e-01 1.271071e-01 2.069064e+00 9.527491e-05 -2.471116e-05
 8560.078789 1.859205e+00 8.893850e-01 1.288769e-01 2.066568e+00 1.263860e-04 -1.269708e-05
 8562.437978 1.856595e+00 8.889653e-01 1.303377e-01 2.073772e+00 7.686860e-05 -2.051964e-05
 8564.809359 1.856924e+00 8.899652e-01 1.309502e-01 2.082855e+00 1.065395e-04 -3.509398e-05
 8567.192932 1.853579e+00 8.893160e-01 1.295511e-01 2.074021e+00 1.140944e-04 -3.531797e-05
 8569.588697 1.854623e+00 8.906203e-01 1.268503e-01 2.074963e+00 1.456571e-04 -5.166543e-06
 8571.996654 1.851191e+00 8.898081e-01 1.232006e-01 2.070617e+00 1.052752e-04 -3.259502e-05
 8574.416803 1.849471e+00 8.898929e-01 1.198854e-01 2.076932e+00 9.540899e-05 -2.036666e-05
 8576.849143 1.847980e+00 8.900159e-01 1.175254e-01 2.080421e+00 1.221881e-04 -1.718692e-05
 8579.293676 1.845276e+00 8.895614e-01 1.158455e-01 2.076047e+00 1.101193e-04 -2.297203e-05
 8581.750400 1.840319e+00 8.880894e-01 1.147549e-01 2.059542e+00 8.804485e-05 -2.875707e-05
 8584.219317 1.836409e+00 8.871954e-01 1.145078e-01 2.062214e+00 1.400863e-04 -1.397771e-05
 8586.700425 1.822941e+00 8.816065e-01 1.144878e-01 2.046121e+00 1.438373e-04 -1.799644e-05
 8589.193725 1.710457e+00 8.287303e-01 1.093360e-01 1.925458e+00 9.948092e-05 -2.686194e-05
 8591.699217 1.649114e+00 8.001150e-01 1.083948e-01 1.902395e+00 9.046807e-05 -3.952982e-05
 8594.216901 1.818687e+00 8.820805e-01 1.236011e-01 2.086689e+00 1.002310e-04 -5.057957e-05
 8596.746777 1.838434e+00 8.924408e-01 1.295552e-01 2.089202e+00 1.087464e-04 -5.027586e-05
 8599.288845 1.836389e+00 8.923364e-01 1.341928e-01 2.085584e+00 1.403445e-04 -3.691324e-05
 8601.843105 1.835497e+00 8.926957e-01 1.384238e-01 2.087937e+00 9.780012e-05 -2.863270e-05
 8604.409556 1.833224e+00 8.925242e-01 1.418117e-01 2.085668e+00 6.566165e-05 -2.904752e-05
 8606.988200 1.828622e+00 8.912505e-01 1.440257e-01 2.085666e+00 9.057446e-05 -1.876659e-05
 8609.579035 1.822928e+00 8.893782e-01 1.450070e-01 2.071290e+00 7.061180e-05 -4.560678e-06
 8612.182062 1.814648e+00 8.863506e-01 1.448964e-01 2.071899e+00 6.868157e-05 -1.600600e-05
 8614.797282 1.791505e+00 8.760315e-01 1.430644e-01 2.043140e+00 1.001329e-04 -3.401985e-05
 8617.424693 1.660889e+00 8.137754e-01 1.327279e-01 1.902741e+00 5.392462e-05 -6.170001e-05
 8620.064296 1.589381e+00 7.800162e-01 1.274304e-01 1.824115e+00 7.639548e-05 -4.543302e-05
 8622.716091 1.854344e+00 9.092019e-01 1.489722e-01 2.116329e+00 1.082047e-04 -2.555533e-05
 8625.380078 1.856068e+00 9.110862e-01 1.494330e-01 2.129355e+00 1.273251e-04 -1.534673e-05
 8628.056256 1.848363e+00 9.082023e-01 1.491227e-01 2.123702e+00 1.408492e-04 -6.746948e-07
 8630.744627 1.842796e+00 9.064401e-01 1.487903e-01 2.121150e+00 1.116550e-04 -2.600188e-05
 8633.445190 1.839419e+00 9.057463e-01 1.482870e-01 2.106870e+00 1.196379e-04 -3.120295e-05
 8636.157944 1.834659e+00 9.043629e-01 1.472365e-01 2.108829e+00 1.233504e-04 -1.968782e-05
 8638.882891 1.832097e+00 9.039944e-01 1.461785e-01 2.115000e+00 1.230599e-04 -2.707004e-05
 8641.620029 1.825841e+00 9.018782e-01 1.447928e-01 2.116104e+00 1.086701e-04 -2.418848e-05
 8644.369359 1.805556e+00 8.930177e-01 1.424650e-01 2.097490e+00 8.487997e-05 -3.290511e-05
 8647.130881 1.667228e+00 8.264035e-01 1.311573e-01 1.963008e+00 4.134234e-05 -4.743666e-05
 8649.904595 1.661174e+00 8.244240e-01 1.304849e-01 1.915590e+00 9.382799e-05 -2.412515e-05
 8652.690501 1.812412e+00 8.994648e-01 1.421914e-01 2.085280e+00 9.058484e-05 -2.098456e-05
 8655.488599 1.825612e+00 9.067811e-01 1.429849e-01 2.107448e+00 9.968721e-05 -2.964474e-05
 8658.298889 1.825854e+00 9.078921e-01 1.427237e-01 2.116777e+00 8.932497e-05 -3.893164e-05
 8661.121371 1.822787e+00 9.074027e-01 1.421047e-01 2.104703e+00 1.269769e-04 -1.979250e-05
 8663.956044 1.822037e+00 9.081368e-01 1.415123e-01 2.113047e+00 1.051307e-04 -3.606052e-05
 8666.802910 1.821678e+00 9.087169e-01 1.408208e-01 2.116592e+00 1.139417e-04 -3.699038e-05
 8669.661967 1.819018e+00 9.083835e-01 1.402549e-01 2.107482e+00 1.451775e-04 -1.764823e-05
 8672.533217 1.818203e+00 9.088707e-01 1.405490e-01 2.119008e+00 1.301723e-04 -1.899068e-05
 8675.416658 1.818650e+00 9.100577e-01 1.415871e-01 2.122195e+00 1.056315e-04 -5.361848e-05
 8678.312291 1.815278e+00 9.094979e-01 1.431015e-01 2.122268e+00 8.665220e-05 -5.289678e-05
 8681.220116 1.812412e+00 9.092928e-01 1.450934e-01 2.118960e+00 1.102821e-04 -5.551540e-05
 8684.140133 1.811615e+00 9.097552e-01 1.475772e-01 2.118238e+00 1.096304e-04 -4.309444e-05
 8687.072342 1.809888e+00 9.098829e-01 1.500501e-01 2.118213e+00 1.416263e-04 -4.498965e-05
 8690.016743 1.810017e+00 9.108801e-01 1.524636e-01 2.113773e+00 1.246807e-04 -4.703279e-05
 8692.973335 1.808552e+00 9.112644e-01 1.542347e-01 2.120283e+00 1.200424e-04 -4.168547e-05
 8695.942120 1.808633e+00 9.122736e-01 1.552651e-01 2.119686e+00 1.456988e-04 -3.577315e-05
 8698.923096 1.804523e+00 9.113528e-01 1.554045e-01 2.126297e+00 1.167115e-04 -2.833669e-05
 8701.916265 1.803149e+00 9.116703e-01 1.555832e-01 2.117219e+00 7.359305e-05 -3.217981e-05
 8704.921625 1.803151e+00 9.127623e-01 1.561224e-01 2.121635e+00 7.769643e-05 -2.530318e-05
 8707.939177 1.801881e+00 9.131898e-01 1.572895e-01 2.124085e+00 1.034897e-04 -2.581494e-05
 8710.968921 1.800367e+00 9.134781e-01 1.593104e-01 2.124412e+00 8.714689e-05 -5.382570e-05
 8714.010858 1.798001e+00 9.132172e-01 1.616598e-01 2.117283e+00 1.179560e-04 -4.762881e-05
 8717.064985 1.797500e+00 9.140542e-01 1.640142e-01 2.126937e+00 1.016814e-04 -3.128339e-05
 8720.131305 1.795101e+00 9.138277e-01 1.650894e-01 2.123954e+00 6.386074e-05 -3.867962e-05
 8723.209817 1.794307e+00 9.145014e-01 1.656388e-01 2.121725e+00 7.337623e-05 -3.845513e-05
 8726.300521 1.793080e+00 9.148929e-01 1.660119e-01 2.122305e+00 1.063854e-04 -3.238436e-05
 8729.403416 1.791974e+00 9.153683e-01 1.664066e-01 2.129593e+00 1.230675e-04 -2.594976e-05
 8732.518504 1.788846e+00 9.148712e-01 1.664734e-01 2.129906e+00 1.060051e-04 -3.357663e-05
 8735.645783 1.787640e+00 9.153375e-01 1.666820e-01 2.119890e+00 4.978823e-05 -6.001846e-05
 8738.785255 1.785362e+00 9.154175e-01 1.666283e-01 2.123214e+00 6.546569e-05 -2.902475e-05
 8741.936918 1.785912e+00 9.166775e-01 1.667119e-01 2.131536e+00 7.290839e-05 -1.761827e-05
 8745.100773 1.785270e+00 9.173674e-01 1.666384e-01 2.130037e+00 5.176614e-05 -3.018282e-05
 8748.276820 1.784185e+00 9.178930e-01 1.664414e-01 2.125353e+00 4.816522e-05 -4.028347e-05
 8751.465059 1.780911e+00 9.172770e-01 1.660664e-01 2.123179e+00 8.576328e-05 -6.975945e-06
 8754.665490 1.779225e+00 9.175183e-01 1.659010e-01 2.129698e+00 5.503920e-05 -4.662706e-05
 8757.878112 1.777113e+00 9.175788e-01 1.657087e-01 2.130869e+00 7.997844e-05 -3.014320e-05
 8761.102927 1.777107e+00 9.185572e-01 1.656232e-01 2.135143e+00 4.902342e-05 -4.902907e-05
 8764.339934 1.776287e+00 9.192980e-01 1.656752e-01 2.133744e+00 8.782132e-05 -4.771458e-05
 8767.589132 1.776234e+00 9.204682e-01 1.658018e-01 2.138855e+00 8.996768e-05 -4.456839e-05
 8770.850523 1.772767e+00 9.197133e-01 1.656573e-01 2.133920e+00 5.411275e-05 -5.955765e-05
 8774.124105 1.771055e+00 9.199246e-01 1.656973e-01 2.133963e+00 6.357897e-05 -7.000342e-05
 8777.409879 1.770620e+00 9.206891e-01 1.661500e-01 2.135001e+00 5.106680e-05 -5.184269e-05
 8780.707845 1.768075e+00 9.203954e-01 1.667829e-01 2.136808e+00 4.109480e-05 -5.615378e-05
 8784.018003 1.765617e+00 9.203075e-01 1.678538e-01 2.135919e+00 -3.799543e-06 -6.844665e-05
 8787.340353 1.764594e+00 9.210291e-01 1.694316e-01 2.137523e+00 -2.196252e-07 -7.850400e-05
 8790.674895 1.761986e+00 9.207605e-01 1.711624e-01 2.133189e+00 5.120606e-05 -5.210284e-05
 8794.021629 1.760338e+00 9.210243e-01 1.730458e-01 2.122946e+00 4.302264e-06 -5.847349e-05
 8797.380554 1.760265e+00 9.220769e-01 1.749107e-01 2.134689e+00 5.236288e-05 -5.209755e-05
 8800.751672 1.757569e+00 9.218749e-01 1.762317e-01 2.129712e+00 8.548059e-06 -4.532942e-05
 8804.134982 1.756419e+00 9.224806e-01 1.772119e-01 2.137776e+00 2.252199e-06 -5.135094e-05
 8807.530483 1.756046e+00 9.232329e-01 1.778811e-01 2.144539e+00 2.080642e-05 -6.532533e-05
 8810.938176 1.754894e+00 9.238869e-01 1.783921e-01 2.138693e+00 5.429521e-05 -5.490668e-05
 8814.358061 1.753551e+00 9.243005e-01 1.788606e-01 2.143087e+00 9.044378e-05 -5.013384e-05
 8817.790139 1.749929e+00 9.234934e-01 1.791425e-01 2.143587e+00 9.995810e-05 -5.003101e-05
 8821.234408 1.749051e+00 9.241938e-01 1.799647e-01 2.145300e+00 8.695510e-05 -5.996700e-05
 8824.690868 1.746944e+00 9.243377e-01 1.808396e-01 2.141120e+00 6.821054e-05 -7.594911e-05
 8828.159521 1.744942e+00 9.243410e-01 1.820597e-01 2.139564e+00 4.175096e-05 -7.713203e-05
 8831.640366 1.743809e+00 9.250042e-01 1.835243e-01 2.142239e+00 5.510328e-05 -7.788947e-05
 8835.133403 1.743251e+00 9.258985e-01 1.851122e-01 2.148401e+00 1.155106e-04 -4.935750e-05
 8838.638631 1.741339e+00 9.260414e-01 1.861985e-01 2.153160e+00 8.760620e-05 -5.803554e-05
 8842.156052 1.739365e+00 9.261369e-01 1.871528e-01 2.146225e+00 3.256999e-05 -8.390791e-05
 8845.685664 1.739284e+00 9.273173e-01 1.882483e-01 2.148442e+00 4.437800e-05 -7.461003e-05
 8849.227468 1.737677e+00 9.275125e-01 1.891028e-01 2.147382e+00 4.154779e-05 -7.780888e-05
 8852.781465 1.736804e+00 9.281705e-01 1.901205e-01 2.160832e+00 1.931527e-05 -7.830024e-05
 8856.347653 1.734355e+00 9.280742e-01 1.909965e-01 2.160138e+00 6.451376e-05 -3.918404e-05
 8859.926033 1.733083e+00 9.285410e-01 1.916752e-01 2.147603e+00 7.386846e-05 -6.605211e-05
 8863.516605 1.730795e+00 9.284942e-01 1.920825e-01 2.147527e+00 7.669868e-05 -7.728893e-05
 8867.119369 1.729152e+00 9.288296e-01 1.923767e-01 2.152020e+00 4.714134e-05 -8.499657e-05
 8870.734324 1.727804e+00 9.293480e-01 1.924896e-01 2.161539e+00 2.342579e-05 -1.045078e-04
 8874.361472 1.726997e+00 9.300542e-01 1.925921e-01 2.145130e+00 7.508063e-05 -7.783951e-05
 8878.000811 1.726468e+00 9.309900e-01 1.927376e-01 2.156055e+00 6.086724e-05 -7.210495e-05
 8881.652343 1.723013e+00 9.303791e-01 1.924602e-01 2.152796e+00 7.152975e-05 -7.826249e-05
 8885.316066 1.722044e+00 9.312427e-01 1.922850e-01 2.155660e+00 7.573612e-05 -7.728290e-05
 8888.991982 1.721097e+00 9.318614e-01 1.921859e-01 2.159804e+00 8.415236e-05 -7.885181e-05
 8892.680089 1.718158e+00 9.314699e-01 1.920945e-01 2.155898e+00 6.737782e-05 -7.915426e-05
 8896.380388 1.716819e+00 9.319010e-01 1.923978e-01 2.151535e+00 5.255897e-05 -8.148618e-05
 8900.092879 1.715736e+00 9.324503e-01 1.932127e-01 2.161221e+00 8.386113e-05 -6.362848e-05
 8903.817562 1.713906e+00 9.327080e-01 1.943764e-01 2.157238e+00 1.021198e-04 -6.160983e-05
 8907.554437 1.711727e+00 9.327526e-01 1.958913e-01 2.158056e+00 8.008160e-05 -6.588694e-05
 8911.303503 1.710445e+00 9.331659e-01 1.976219e-01 2.158796e+00 6.237825e-05 -8.258628e-05
 8915.064762 1.703811e+00 9.309500e-01 1.987118e-01 2.152902e+00 5.687076e-05 -8.792357e-05
 8918.838213 1.688256e+00 9.237576e-01 1.985376e-01 2.135084e+00 8.745003e-05 -5.408497e-05
 8922.623855 1.699723e+00 9.310916e-01 2.013288e-01 2.156798e+00 7.590635e-05 -5.548574e-05
 8926.421689 1.689321e+00 9.267813e-01 2.014145e-01 2.148719e+00 8.288098e-05 -7.569565e-05
 8930.231716 1.705438e+00 9.366670e-01 2.044892e-01 2.169860e+00 1.116576e-04 -6.029838e-05
 8934.053934 1.702768e+00 9.365804e-01 2.053165e-01 2.160330e+00 5.447083e-05 -7.338014e-05
 8937.888344 1.699870e+00 9.361405e-01 2.060640e-01 2.163243e+00 5.359126e-05 -6.126542e-05
 8941.734946 1.699413e+00 9.370306e-01 2.070116e-01 2.163205e+00 6.451342e-05 -8.426221e-05
 8945.593740 1.697523e+00 9.373632e-01 2.077077e-01 2.166972e+00 9.151934e-05 -7.581419e-05
 8949.464726 1.695408e+00 9.374562e-01 2.085235e-01 2.170481e+00 9.297192e-05 -7.413888e-05
 8953.347903 1.690669e+00 9.360469e-01 2.091157e-01 2.162172e+00 6.400174e-05 -5.784811e-05
 8957.243273 1.691482e+00 9.378115e-01 2.103993e-01 2.164328e+00 2.466964e-05 -7.152370e-05
 8961.150835 1.691635e+00 9.391176e-01 2.115365e-01 2.171693e+00 6.529317e-05 -5.612636e-05
 8965.070588 1.688845e+00 9.389338e-01 2.124480e-01 2.167877e+00 3.657298e-05 -5.334206e-05
 8969.002533 1.684361e+00 9.375021e-01 2.131638e-01 2.170923e+00 5.215320e-05 -6.783201e-05
 8972.946671 1.685090e+00 9.392749e-01 2.146495e-01 2.175911e+00 5.318777e-05 -7.375528e-05
 8976.903000 1.684016e+00 9.400550e-01 2.157606e-01 2.168939e+00 8.579122e-05 -6.614130e-05
 8980.871521 1.681827e+00 9.401064e-01 2.166372e-01 2.175097e+00 5.392668e-05 -6.629867e-05
 8984.852234 1.679576e+00 9.401645e-01 2.174736e-01 2.178303e+00 5.436368e-05 -8.554641e-05
 8988.845139 1.677355e+00 9.402066e-01 2.181142e-01 2.171579e+00 6.629926e-05 -6.712837e-05
 8992.850236 1.675435e+00 9.403580e-01 2.188398e-01 2.173093e+00 2.058486e-05 -6.831108e-05
 8996.867524 1.672243e+00 9.397853e-01 2.193159e-01 2.172458e+00 2.009524e-05 -7.331751e-05
 9000.897005 1.664977e+00 9.370517e-01 2.192884e-01 2.167615e+00 3.258961e-05 -7.654675e-05
 9004.938678 1.649641e+00 9.298713e-01 2.181717e-01 2.148639e+00 6.040778e-05 -5.627863e-05
 9008.992542 1.664964e+00 9.397154e-01 2.209759e-01 2.165826e+00 5.906207e-05 -6.621982e-05
 9013.058598 1.646891e+00 9.308930e-01 2.193952e-01 2.153612e+00 8.641290e-05 -4.930080e-05
 9017.136847 1.665053e+00 9.422248e-01 2.225507e-01 2.179880e+00 6.899910e-05 -4.723246e-05
 9021.227287 1.665299e+00 9.436650e-01 2.234001e-01 2.181165e+00 4.370276e-05 -6.677638e-05
 9025.329919 1.662737e+00 9.434401e-01 2.239583e-01 2.189447e+00 5.144238e-05 -6.741114e-05
 9029.444743 1.661153e+00 9.437848e-01 2.247863e-01 2.179672e+00 3.540045e-05 -9.459087e-05
 9033.571759 1.658501e+00 9.436869e-01 2.255966e-01 2.185363e+00 4.723362e-05 -7.301267e-05
 9037.710967 1.656738e+00 9.440074e-01 2.265505e-01 2.180221e+00 5.539263e-05 -6.707217e-05
 9041.862366 1.655142e+00 9.444061e-01 2.275398e-01 2.185726e+00 4.752998e-05 -6.017478e-05
 9046.025958 1.652370e+00 9.441473e-01 2.283923e-01 2.181675e+00 5.250258e-05 -6.022319e-05
 9050.201742 1.651309e+00 9.448473e-01 2.295266e-01 2.183840e+00 4.841024e-05 -5.184676e-05
 9054.389717 1.649953e+00 9.452327e-01 2.307072e-01 2.184788e+00 4.971291e-05 -7.733660e-05
 9058.589884 1.647720e+00 9.451969e-01 2.318234e-01 2.180427e+00 4.890674e-05 -8.645451e-05
 9062.802244 1.634882e+00 9.393437e-01 2.314160e-01 2.163902e+00 8.223351e-05 -6.816601e-05
 9067.026795 1.640102e+00 9.436543e-01 2.335103e-01 2.177946e+00 7.274019e-05 -6.774583e-05
 9071.263538 1.641645e+00 9.458187e-01 2.349791e-01 2.186105e+00 1.015791e-04 -5.476668e-05
 9075.512473 1.641643e+00 9.471667e-01 2.362054e-01 2.195278e+00 3.048594e-05 -6.510774e-05
 9079.773600 1.640263e+00 9.476518e-01 2.372836e-01 2.195146e+00 1.412111e-05 -7.366375e-05
 9084.046919 1.625484e+00 9.405163e-01 2.365895e-01 2.172636e+00 7.993080e-05 -5.310748e-05
 9088.332429 1.632148e+00 9.455748e-01 2.390313e-01 2.185825e+00 9.357264e-05 -6.088578e-05
 9092.630132 1.632213e+00 9.469391e-01 2.403372e-01 2.191380e+00 7.368065e-05 -8.706177e-05
 9096.940026 1.629706e+00 9.468033e-01 2.412914e-01 2.188463e+00 9.987865e-05 -7.439825e-05
 9101.262113 1.628109e+00 9.472757e-01 2.423588e-01 2.185115e+00 1.127223e-04 -7.050781e-05
 9105.596391 1.627160e+00 9.479817e-01 2.435562e-01 2.179986e+00 6.909873e-05 -7.702347e-05
 9109.942861 1.626167e+00 9.489175e-01 2.448298e-01 2.188027e+00 6.302508e-05 -7.154345e-05
 9114.301524 1.625252e+00 9.496365e-01 2.460836e-01 2.191826e+00 7.922395e-05 -6.230082e-05
 9118.672378 1.622893e+00 9.496930e-01 2.470611e-01 2.193500e+00 9.694741e-05 -5.250859e-05
 9123.055424 1.619864e+00 9.492301e-01 2.479607e-01 2.183136e+00 8.829172e-05 -5.346450e-05
 9127.450662 1.618529e+00 9.498748e-01 2.491424e-01 2.186430e+00 6.080271e-05 -7.312121e-05
 9131.858091 1.616053e+00 9.496515e-01 2.501021e-01 2.192844e+00 7.250134e-05 -5.880264e-05
 9136.277713 1.614065e+00 9.497689e-01 2.508942e-01 2.192459e+00 8.180951e-05 -7.779208e-05
 9140.709527 1.612004e+00 9.498770e-01 2.517384e-01 2.192420e+00 1.179324e-04 -5.160053e-05
 9145.153532 1.610183e+00 9.502700e-01 2.525482e-01 2.196546e+00 1.245558e-04 -6.385681e-05
 9149.609730 1.608666e+00 9.507894e-01 2.532971e-01 2.198311e+00 8.829349e-05 -7.922753e-05
 9154.078119 1.599551e+00 9.467570e-01 2.530311e-01 2.183670e+00 1.124595e-04 -6.473397e-05
 9158.558700 1.576209e+00 9.344165e-01 2.503654e-01 2.155008e+00 1.147788e-04 -5.321851e-05
 9163.051473 1.604016e+00 9.520397e-01 2.560913e-01 2.194446e+00 8.716387e-05 -6.999922e-05
 9167.556438 1.592532e+00 9.466586e-01 2.554577e-01 2.181840e+00 3.745475e-05 -5.608179e-05
 9172.073595 1.577646e+00 9.393307e-01 2.544277e-01 2.173462e+00 3.747412e-05 -5.372516e-05
 9176.602944 1.601902e+00 9.548274e-01 2.596938e-01 2.202401e+00 4.723733e-05 -6.238749e-05
 9181.144485 1.600504e+00 9.554865e-01 2.609229e-01 2.205205e+00 8.305560e-05 -5.894686e-05
 9185.698218 1.597184e+00 9.547270e-01 2.617168e-01 2.199581e+00 9.545585e-05 -5.378844e-05
 9190.264142 1.595983e+00 9.553075e-01 2.627790e-01 2.206918e+00 4.966070e-05 -6.454911e-05
 9194.842259 1.593872e+00 9.556011e-01 2.638444e-01 2.208800e+00 4.858477e-05 -6.059039e-05
 9199.432567 1.589246e+00 9.541992e-01 2.644754e-01 2.205158e+00 6.642946e-05 -6.609341e-05
 9204.035068 1.585852e+00 9.534610e-01 2.652159e-01 2.204468e+00 7.045264e-05 -6.131093e-05
 9208.649760 1.585018e+00 9.544194e-01 2.664664e-01 2.205296e+00 1.016044e-04 -6.002349e-05
 9213.276644 1.582890e+00 9.546251e-01 2.675452e-01 2.205606e+00 1.241979e-04 -5.442327e-05
 9217.915720 1.581786e+00 9.552203e-01 2.687834e-01 2.202707e+00 1.133286e-04 -5.355185e-05
 9222.566988 1.579286e+00 9.550384e-01 2.699055e-01 2.204684e+00 8.594277e-05 -5.978254e-05
 9227.230448 1.575956e+00 9.544737e-01 2.709473e-01 2.204900e+00 1.138866e-04 -5.516582e-05
 9231.906100 1.574414e+00 9.549383e-01 2.721650e-01 2.205337e+00 1.306438e-04 -5.446588e-05
 9236.593943 1.573257e+00 9.556151e-01 2.734827e-01 2.201597e+00 9.314852e-05 -7.440788e-05
 9241.293979 1.572209e+00 9.562746e-01 2.747693e-01 2.206740e+00 7.602916e-05 -7.117609e-05
 9246.006206 1.569265e+00 9.558630e-01 2.758347e-01 2.208634e+00 6.804779e-05 -6.660915e-05
 9250.730626 1.566664e+00 9.556655e-01 2.769154e-01 2.209514e+00 9.171352e-05 -7.057895e-05
 9255.467237 1.564356e+00 9.557423e-01 2.780844e-01 2.207727e+00 1.146597e-04 -7.206340e-05
 9260.216040 1.563615e+00 9.566168e-01 2.794566e-01 2.206378e+00 1.000157e-04 -7.516549e-05
 9264.977036 1.562424e+00 9.572165e-01 2.806913e-01 2.212353e+00 7.737954e-05 -8.476328e-05
 9269.750223 1.560943e+00 9.576828e-01 2.819366e-01 2.214404e+00 1.037742e-04 -5.743529e-05
 9274.535602 1.558932e+00 9.578265e-01 2.831008e-01 2.214439e+00 1.088621e-04 -3.700263e-05
 9279.333172 1.556485e+00 9.577704e-01 2.842551e-01 2.213081e+00 1.174689e-04 -3.896055e-05
 9284.142935 1.554094e+00 9.576512e-01 2.852880e-01 2.210681e+00 8.743100e-05 -5.667376e-05
 9288.964890 1.550632e+00 9.568183e-01 2.861432e-01 2.208217e+00 1.113470e-04 -5.277727e-05
 9293.799037 1.524825e+00 9.421479e-01 2.827741e-01 2.175396e+00 1.172538e-04 -7.311550e-05
 9298.645375 7.018350e-01 4.339582e-01 1.305751e-01 1.003364e+00 5.574803e-05 -3.398603e-05
