1.2492e+00 1.2646e-01
1.2525e+00 9.8878e-02
1.2558e+00 1.0878e-01
1.2591e+00 1.1183e-01
1.2625e+00 1.1074e-01
1.2658e+00 1.0361e-01
1.2691e+00 9.6058e-02
1.2724e+00 9.2930e-02
1.2758e+00 9.0469e-02
1.2791e+00 9.0011e-02
1.2824e+00 9.6440e-02
1.2857e+00 1.0077e-01
1.2891e+00 9.9412e-02
1.2924e+00 9.5864e-02
1.2957e+00 9.6408e-02
1.2990e+00 1.0234e-01
1.3024e+00 1.0439e-01
1.3057e+00 1.0468e-01
1.3090e+00 1.0421e-01
1.3123e+00 1.0411e-01
1.3157e+00 1.0217e-01
1.3190e+00 1.0128e-01
1.3223e+00 1.0009e-01
1.3256e+00 9.8210e-02
1.3290e+00 9.5467e-02
1.3323e+00 9.2571e-02
1.3356e+00 9.0102e-02
1.3389e+00 9.5186e-02
1.3423e+00 1.0865e-01
1.3456e+00 1.1577e-01
1.3489e+00 1.1491e-01
1.3523e+00 1.0931e-01
1.3556e+00 1.0700e-01
1.3589e+00 1.0721e-01
1.3622e+00 1.0970e-01
1.3656e+00 1.1254e-01
1.3689e+00 1.1602e-01
1.3722e+00 1.2313e-01
1.3755e+00 1.2058e-01
1.3789e+00 1.1287e-01
1.3822e+00 1.1015e-01
1.3855e+00 1.0924e-01
1.3888e+00 1.0647e-01
1.3922e+00 1.0307e-01
1.3955e+00 9.8965e-02
1.3988e+00 9.4798e-02
1.4021e+00 9.0455e-02
1.4055e+00 9.0099e-02
1.4088e+00 9.5469e-02
1.4121e+00 1.0096e-01
1.4154e+00 1.0605e-01
1.4188e+00 1.0653e-01
1.4221e+00 1.0002e-01
1.4254e+00 9.5703e-02
1.4287e+00 1.0013e-01
1.4321e+00 1.0564e-01
1.4354e+00 1.0590e-01
1.4387e+00 1.0646e-01
1.4420e+00 1.0539e-01
1.4454e+00 1.0375e-01
1.4487e+00 1.0827e-01
1.4520e+00 1.1766e-01
1.4553e+00 1.1604e-01
1.4587e+00 1.0678e-01
1.4620e+00 1.0324e-01
1.4653e+00 1.1125e-01
1.4687e+00 1.1930e-01
1.4720e+00 1.1230e-01
1.4753e+00 9.6560e-02
1.4786e+00 8.4971e-02
1.4820e+00 8.3884e-02
1.4853e+00 8.9764e-02
1.4886e+00 9.5876e-02
1.4919e+00 1.0066e-01
1.4953e+00 1.0472e-01
1.4986e+00 1.0909e-01
1.5019e+00 1.1513e-01
1.5052e+00 1.1791e-01
1.5086e+00 1.1455e-01
1.5119e+00 1.0968e-01
1.5152e+00 1.0849e-01
1.5185e+00 1.0295e-01
1.5219e+00 9.6210e-02
1.5252e+00 9.3430e-02
1.5285e+00 9.6189e-02
1.5318e+00 9.7480e-02
1.5352e+00 9.9708e-02
1.5385e+00 1.0222e-01
1.5418e+00 1.0212e-01
1.5451e+00 1.0223e-01
1.5485e+00 1.0148e-01
1.5518e+00 1.0303e-01
1.5551e+00 1.0088e-01
1.5584e+00 1.0133e-01
1.5618e+00 1.0376e-01
1.5651e+00 1.0589e-01
1.5684e+00 1.0627e-01
1.5717e+00 1.0816e-01
1.5751e+00 1.1010e-01
1.5784e+00 1.0826e-01
1.5817e+00 1.0448e-01
1.5851e+00 1.0496e-01
1.5884e+00 1.0733e-01
1.5917e+00 1.1104e-01
1.5950e+00 1.1297e-01
1.5984e+00 1.1236e-01
1.6017e+00 1.0878e-01
1.6050e+00 1.0598e-01
1.6083e+00 1.0666e-01
1.6117e+00 1.0782e-01
1.6150e+00 1.0564e-01
1.6183e+00 1.0432e-01
1.6216e+00 1.0508e-01
1.6250e+00 1.0343e-01
1.6283e+00 1.0506e-01
1.6316e+00 1.1243e-01
1.6349e+00 1.1211e-01
1.6383e+00 1.0664e-01
1.6416e+00 1.0530e-01
1.6449e+00 1.0361e-01
1.6482e+00 9.9886e-02
1.6516e+00 1.0063e-01
1.6549e+00 1.0534e-01
1.6582e+00 1.0806e-01
1.6615e+00 1.0879e-01
1.6649e+00 1.0659e-01
1.6682e+00 1.0516e-01
1.6715e+00 1.0716e-01
1.6748e+00 1.1040e-01
1.6782e+00 1.1104e-01
1.6815e+00 1.0795e-01
1.6848e+00 1.0320e-01
1.6882e+00 9.9633e-02
1.6915e+00 1.0094e-01
1.6948e+00 1.0259e-01
1.6981e+00 1.0218e-01
1.7015e+00 1.0336e-01
1.7048e+00 1.0790e-01
1.7081e+00 1.1274e-01
1.7114e+00 1.1387e-01
1.7148e+00 1.1734e-01
1.7181e+00 1.1880e-01
1.7214e+00 1.1708e-01
1.7247e+00 1.1219e-01
1.7281e+00 1.0273e-01
1.7314e+00 9.7930e-02
1.7347e+00 1.0066e-01
1.7380e+00 1.0683e-01
1.7414e+00 1.0899e-01
1.7447e+00 1.0673e-01
1.7480e+00 1.0205e-01
1.7513e+00 9.7930e-02
1.7547e+00 9.9488e-02
1.7580e+00 1.0565e-01
1.7613e+00 1.1217e-01
1.7646e+00 1.1764e-01
1.7680e+00 1.2557e-01
1.7713e+00 1.2704e-01
1.7746e+00 1.2184e-01
1.7780e+00 1.1758e-01
1.7813e+00 1.1441e-01
1.7846e+00 1.1358e-01
1.7879e+00 1.1112e-01
1.7913e+00 1.0896e-01
1.7946e+00 1.0431e-01
1.7979e+00 1.0403e-01
1.8012e+00 1.0632e-01
1.8046e+00 1.0580e-01
1.8079e+00 1.0658e-01
1.8112e+00 1.1535e-01
1.8145e+00 1.2518e-01
1.8179e+00 1.2605e-01
1.8212e+00 1.2223e-01
1.8245e+00 1.1758e-01
1.8278e+00 1.1713e-01
1.8312e+00 1.1944e-01
1.8345e+00 1.1974e-01
1.8378e+00 1.1762e-01
1.8411e+00 1.1493e-01
1.8445e+00 1.1016e-01
1.8478e+00 1.0663e-01
1.8511e+00 1.0663e-01
1.8544e+00 1.0737e-01
1.8578e+00 1.0630e-01
1.8611e+00 1.0839e-01
1.8644e+00 1.1586e-01
1.8677e+00 1.2235e-01
1.8711e+00 1.2614e-01
1.8744e+00 1.2689e-01
1.8777e+00 1.2365e-01
1.8811e+00 1.1759e-01
1.8844e+00 1.1371e-01
1.8877e+00 1.1308e-01
1.8910e+00 1.0976e-01
1.8944e+00 1.0918e-01
1.8977e+00 1.1186e-01
1.9010e+00 1.1078e-01
1.9043e+00 1.0623e-01
1.9077e+00 1.0591e-01
1.9110e+00 1.0943e-01
1.9143e+00 1.1127e-01
1.9176e+00 1.0907e-01
1.9210e+00 1.0797e-01
1.9243e+00 1.1166e-01
1.9276e+00 1.1645e-01
1.9309e+00 1.1824e-01
1.9343e+00 1.1788e-01
1.9376e+00 1.2199e-01
1.9409e+00 1.2489e-01
1.9442e+00 1.2284e-01
1.9476e+00 1.1972e-01
1.9509e+00 1.1709e-01
1.9542e+00 1.1833e-01
1.9575e+00 1.2366e-01
1.9609e+00 1.2731e-01
1.9642e+00 1.2814e-01
1.9675e+00 1.2901e-01
1.9709e+00 1.3114e-01
1.9742e+00 1.3220e-01
1.9775e+00 1.3270e-01
1.9808e+00 1.2868e-01
1.9842e+00 1.2174e-01
1.9875e+00 1.1444e-01
1.9908e+00 1.1479e-01
1.9941e+00 1.1672e-01
1.9975e+00 1.1438e-01
2.0008e+00 1.1392e-01
2.0041e+00 1.1924e-01
2.0074e+00 1.2524e-01
2.0108e+00 1.2465e-01
2.0141e+00 1.2034e-01
2.0174e+00 1.1816e-01
2.0207e+00 1.2075e-01
2.0241e+00 1.2424e-01
2.0274e+00 1.2805e-01
2.0307e+00 1.3198e-01
2.0340e+00 1.3125e-01
2.0374e+00 1.2766e-01
2.0407e+00 1.2556e-01
2.0440e+00 1.2448e-01
2.0474e+00 1.2099e-01
2.0507e+00 1.1743e-01
2.0540e+00 1.1919e-01
2.0573e+00 1.2209e-01
2.0607e+00 1.2309e-01
2.0640e+00 1.1720e-01
2.0673e+00 1.1172e-01
2.0706e+00 1.1360e-01
2.0740e+00 1.1552e-01
2.0773e+00 1.1458e-01
2.0806e+00 1.1436e-01
2.0839e+00 1.1571e-01
2.0873e+00 1.1412e-01
2.0906e+00 1.0846e-01
2.0939e+00 1.0520e-01
2.0972e+00 1.0504e-01
2.1006e+00 1.0364e-01
2.1039e+00 1.0381e-01
2.1072e+00 1.0768e-01
2.1105e+00 1.1101e-01
2.1139e+00 1.0997e-01
2.1172e+00 1.1053e-01
2.1205e+00 1.1632e-01
2.1238e+00 1.2238e-01
2.1272e+00 1.2188e-01
2.1305e+00 1.1474e-01
2.1338e+00 1.1172e-01
2.1372e+00 1.1403e-01
2.1405e+00 1.1989e-01
2.1438e+00 1.2620e-01
2.1471e+00 1.3040e-01
2.1505e+00 1.3128e-01
2.1538e+00 1.3110e-01
2.1571e+00 1.2769e-01
2.1604e+00 1.2640e-01
2.1638e+00 1.2822e-01
2.1671e+00 1.2947e-01
2.1704e+00 1.2861e-01
2.1737e+00 1.2637e-01
2.1771e+00 1.2241e-01
2.1804e+00 1.2044e-01
2.1837e+00 1.1894e-01
2.1870e+00 1.1860e-01
2.1904e+00 1.1945e-01
2.1937e+00 1.2097e-01
2.1970e+00 1.1825e-01
2.2003e+00 1.1442e-01
2.2037e+00 1.1324e-01
2.2070e+00 1.1228e-01
2.2103e+00 1.1313e-01
2.2137e+00 1.1709e-01
2.2170e+00 1.2192e-01
2.2203e+00 1.2502e-01
2.2236e+00 1.2653e-01
2.2270e+00 1.2607e-01
2.2303e+00 1.2076e-01
2.2336e+00 1.1246e-01
2.2369e+00 1.0927e-01
2.2403e+00 1.1282e-01
2.2436e+00 1.2069e-01
2.2469e+00 1.2659e-01
2.2502e+00 1.2804e-01
2.2536e+00 1.2528e-01
2.2569e+00 1.2018e-01
2.2602e+00 1.1560e-01
2.2635e+00 1.1561e-01
2.2669e+00 1.1888e-01
2.2702e+00 1.2116e-01
2.2735e+00 1.2265e-01
2.2768e+00 1.2190e-01
2.2802e+00 1.2176e-01
2.2835e+00 1.2027e-01
2.2868e+00 1.1572e-01
2.2902e+00 1.1521e-01
2.2935e+00 1.2051e-01
2.2968e+00 1.2312e-01
2.3001e+00 1.1953e-01
2.3035e+00 1.1305e-01
2.3068e+00 1.0888e-01
2.3101e+00 1.0989e-01
2.3134e+00 1.1160e-01
2.3168e+00 1.1331e-01
2.3201e+00 1.1793e-01
2.3234e+00 1.1746e-01
2.3267e+00 1.1457e-01
2.3301e+00 1.1355e-01
2.3334e+00 1.1712e-01
2.3367e+00 1.2439e-01
2.3400e+00 1.2833e-01
2.3434e+00 1.2945e-01
2.3467e+00 1.3086e-01
2.3500e+00 1.2944e-01
2.3534e+00 1.2274e-01
2.3567e+00 1.1565e-01
2.3600e+00 1.1180e-01
2.3633e+00 1.1238e-01
2.3667e+00 1.1740e-01
2.3700e+00 1.2199e-01
2.3733e+00 1.2225e-01
2.3766e+00 1.2198e-01
2.3800e+00 1.2360e-01
2.3833e+00 1.2356e-01
2.3866e+00 1.2232e-01
2.3899e+00 1.2394e-01
2.3933e+00 1.2876e-01
2.3966e+00 1.2879e-01
2.3999e+00 1.2564e-01
2.4032e+00 1.2385e-01
2.4066e+00 1.2476e-01
2.4099e+00 1.2352e-01
2.4132e+00 1.2035e-01
2.4165e+00 1.2024e-01
2.4199e+00 1.2459e-01
2.4232e+00 1.2947e-01
2.4265e+00 1.2787e-01
2.4299e+00 1.2234e-01
2.4332e+00 1.2150e-01
2.4365e+00 1.2613e-01
2.4398e+00 1.2773e-01
2.4432e+00 1.2252e-01
2.4465e+00 1.1580e-01
2.4498e+00 1.1396e-01
2.4531e+00 1.1795e-01
2.4565e+00 1.1974e-01
2.4598e+00 1.2021e-01
2.4631e+00 1.2194e-01
2.4664e+00 1.2145e-01
2.4698e+00 1.1877e-01
2.4731e+00 1.1825e-01
2.4764e+00 1.2024e-01
2.4797e+00 1.2198e-01
2.4831e+00 1.2346e-01
2.4864e+00 1.2541e-01
2.4897e+00 1.2274e-01
2.4931e+00 1.1599e-01
2.4964e+00 1.1372e-01
2.4997e+00 1.1558e-01
2.5030e+00 1.1682e-01
2.5064e+00 1.2040e-01
2.5097e+00 1.2598e-01
2.5130e+00 1.3132e-01
2.5163e+00 1.3096e-01
2.5197e+00 1.2638e-01
2.5230e+00 1.2845e-01
2.5263e+00 1.3296e-01
2.5296e+00 1.3184e-01
2.5330e+00 1.3006e-01
2.5363e+00 1.3030e-01
2.5396e+00 1.3054e-01
2.5429e+00 1.2662e-01
2.5463e+00 1.2310e-01
2.5496e+00 1.2312e-01
2.5529e+00 1.2569e-01
2.5563e+00 1.2860e-01
2.5596e+00 1.3089e-01
2.5629e+00 1.3268e-01
2.5662e+00 1.3326e-01
2.5696e+00 1.3587e-01
2.5729e+00 1.4101e-01
2.5762e+00 1.4394e-01
2.5795e+00 1.3977e-01
2.5829e+00 1.3070e-01
2.5862e+00 1.2801e-01
2.5895e+00 1.2816e-01
2.5928e+00 1.2890e-01
2.5962e+00 1.2827e-01
2.5995e+00 1.2524e-01
2.6028e+00 1.2201e-01
2.6061e+00 1.1977e-01
2.6095e+00 1.2061e-01
2.6128e+00 1.2435e-01
2.6161e+00 1.2768e-01
2.6195e+00 1.3133e-01
2.6228e+00 1.3376e-01
2.6261e+00 1.3179e-01
2.6294e+00 1.2717e-01
2.6328e+00 1.2501e-01
2.6361e+00 1.2633e-01
2.6394e+00 1.2741e-01
2.6427e+00 1.2462e-01
2.6461e+00 1.2016e-01
2.6494e+00 1.1958e-01
2.6527e+00 1.2045e-01
2.6560e+00 1.2103e-01
2.6594e+00 1.1998e-01
2.6627e+00 1.1995e-01
2.6660e+00 1.2461e-01
2.6693e+00 1.3007e-01
2.6727e+00 1.2918e-01
2.6760e+00 1.2422e-01
2.6793e+00 1.2451e-01
2.6827e+00 1.2931e-01
2.6860e+00 1.2900e-01
2.6893e+00 1.2541e-01
2.6926e+00 1.2387e-01
2.6960e+00 1.2556e-01
2.6993e+00 1.2924e-01
2.7026e+00 1.2973e-01
2.7059e+00 1.2757e-01
2.7093e+00 1.2523e-01
2.7126e+00 1.2748e-01
2.7159e+00 1.3187e-01
2.7192e+00 1.3224e-01
2.7226e+00 1.3285e-01
2.7259e+00 1.3827e-01
2.7292e+00 1.4493e-01
2.7325e+00 1.5045e-01
2.7359e+00 1.5604e-01
2.7392e+00 1.5986e-01
2.7425e+00 1.6402e-01
2.7459e+00 1.6907e-01
2.7492e+00 1.7325e-01
2.7525e+00 1.7727e-01
2.7558e+00 1.7765e-01
2.7592e+00 1.6707e-01
2.7625e+00 1.5205e-01
2.7658e+00 1.4335e-01
2.7691e+00 1.4010e-01
2.7725e+00 1.4213e-01
2.7758e+00 1.4536e-01
2.7791e+00 1.4826e-01
2.7824e+00 1.5143e-01
2.7858e+00 1.5562e-01
2.7891e+00 1.6081e-01
2.7924e+00 1.7153e-01
2.7957e+00 1.8455e-01
2.7991e+00 2.0129e-01
2.8024e+00 2.2899e-01
2.8057e+00 2.7187e-01
2.8091e+00 3.3887e-01
2.8124e+00 4.4143e-01
2.8157e+00 6.0006e-01
2.8190e+00 8.4862e-01
2.8224e+00 1.2141e+00
2.8257e+00 1.7048e+00
2.8290e+00 2.2729e+00
2.8323e+00 2.8101e+00
2.8357e+00 3.1659e+00
2.8390e+00 3.2044e+00
2.8423e+00 2.8786e+00
2.8456e+00 2.3266e+00
2.8490e+00 1.7253e+00
2.8523e+00 1.2017e+00
2.8556e+00 8.1203e-01
2.8590e+00 5.5658e-01
2.8623e+00 4.0112e-01
2.8656e+00 3.0623e-01
2.8689e+00 2.4653e-01
2.8723e+00 2.1187e-01
2.8756e+00 1.9313e-01
2.8789e+00 1.8157e-01
2.8822e+00 1.6885e-01
2.8856e+00 1.5492e-01
2.8889e+00 1.4351e-01
2.8922e+00 1.3772e-01
2.8955e+00 1.3787e-01
2.8989e+00 1.3860e-01
2.9022e+00 1.3688e-01
2.9055e+00 1.3368e-01
2.9089e+00 1.3216e-01
2.9122e+00 1.3395e-01
2.9155e+00 1.3465e-01
2.9188e+00 1.3257e-01
2.9222e+00 1.2933e-01
2.9255e+00 1.2535e-01
2.9288e+00 1.2419e-01
2.9321e+00 1.2305e-01
2.9355e+00 1.2138e-01
2.9388e+00 1.2130e-01
2.9421e+00 1.2518e-01
2.9454e+00 1.2965e-01
2.9488e+00 1.3223e-01
2.9521e+00 1.3234e-01
2.9554e+00 1.3039e-01
2.9587e+00 1.2861e-01
2.9621e+00 1.2697e-01
2.9654e+00 1.2921e-01
2.9687e+00 1.3527e-01
2.9721e+00 1.3840e-01
2.9754e+00 1.3915e-01
2.9787e+00 1.4097e-01
2.9820e+00 1.4057e-01
2.9854e+00 1.3743e-01
2.9887e+00 1.3833e-01
2.9920e+00 1.4552e-01
2.9953e+00 1.5368e-01
2.9987e+00 1.6010e-01
3.0020e+00 1.6288e-01
3.0053e+00 1.6682e-01
3.0086e+00 1.7490e-01
3.0120e+00 1.8046e-01
3.0153e+00 1.8093e-01
3.0186e+00 1.7807e-01
3.0220e+00 1.7268e-01
3.0253e+00 1.6838e-01
3.0286e+00 1.6458e-01
3.0319e+00 1.5963e-01
3.0353e+00 1.5378e-01
3.0386e+00 1.5026e-01
3.0419e+00 1.4925e-01
3.0452e+00 1.4731e-01
3.0486e+00 1.4301e-01
3.0519e+00 1.3894e-01
3.0552e+00 1.3720e-01
3.0585e+00 1.3391e-01
3.0619e+00 1.3078e-01
3.0652e+00 1.2945e-01
3.0685e+00 1.3059e-01
3.0719e+00 1.2965e-01
3.0752e+00 1.2695e-01
3.0785e+00 1.2422e-01
3.0818e+00 1.2377e-01
3.0852e+00 1.2626e-01
3.0885e+00 1.3043e-01
3.0918e+00 1.3371e-01
3.0951e+00 1.3673e-01
3.0985e+00 1.3892e-01
3.1018e+00 1.3967e-01
3.1051e+00 1.4094e-01
3.1084e+00 1.4059e-01
3.1118e+00 1.3984e-01
3.1151e+00 1.3696e-01
3.1184e+00 1.3112e-01
3.1218e+00 1.2855e-01
3.1251e+00 1.2929e-01
3.1284e+00 1.3136e-01
3.1317e+00 1.3389e-01
3.1351e+00 1.3736e-01
3.1384e+00 1.4046e-01
3.1417e+00 1.4276e-01
3.1450e+00 1.4462e-01
3.1484e+00 1.4641e-01
3.1517e+00 1.4412e-01
3.1550e+00 1.3885e-01
3.1583e+00 1.3774e-01
3.1617e+00 1.4108e-01
3.1650e+00 1.4500e-01
3.1683e+00 1.4865e-01
3.1717e+00 1.5419e-01
3.1750e+00 1.6140e-01
3.1783e+00 1.7075e-01
3.1816e+00 1.8079e-01
3.1850e+00 1.8764e-01
3.1883e+00 1.9252e-01
3.1916e+00 1.9700e-01
3.1949e+00 1.9931e-01
3.1983e+00 1.9750e-01
3.2016e+00 1.9362e-01
3.2049e+00 1.9233e-01
3.2082e+00 1.9372e-01
3.2116e+00 1.9421e-01
3.2149e+00 1.8769e-01
3.2182e+00 1.8119e-01
3.2216e+00 1.7778e-01
3.2249e+00 1.7606e-01
3.2282e+00 1.7254e-01
3.2315e+00 1.6931e-01
3.2349e+00 1.6718e-01
3.2382e+00 1.6594e-01
3.2415e+00 1.6162e-01
3.2448e+00 1.5687e-01
3.2482e+00 1.5510e-01
3.2515e+00 1.5381e-01
3.2548e+00 1.5021e-01
3.2582e+00 1.4351e-01
3.2615e+00 1.3786e-01
3.2648e+00 1.3510e-01
3.2681e+00 1.3525e-01
3.2715e+00 1.3725e-01
3.2748e+00 1.3869e-01
3.2781e+00 1.3860e-01
3.2814e+00 1.3795e-01
3.2848e+00 1.3987e-01
3.2881e+00 1.4351e-01
3.2914e+00 1.4728e-01
3.2947e+00 1.4919e-01
3.2981e+00 1.4705e-01
3.3014e+00 1.4229e-01
3.3047e+00 1.3945e-01
3.3081e+00 1.3816e-01
3.3114e+00 1.3995e-01
3.3147e+00 1.4307e-01
3.3180e+00 1.4456e-01
3.3214e+00 1.4297e-01
3.3247e+00 1.4049e-01
3.3280e+00 1.3845e-01
3.3313e+00 1.4038e-01
3.3347e+00 1.4203e-01
3.3380e+00 1.3738e-01
3.3413e+00 1.2922e-01
3.3446e+00 1.2531e-01
3.3480e+00 1.2742e-01
3.3513e+00 1.3066e-01
3.3546e+00 1.3129e-01
3.3580e+00 1.3183e-01
3.3613e+00 1.3531e-01
3.3646e+00 1.4008e-01
3.3679e+00 1.4008e-01
3.3713e+00 1.3518e-01
3.3746e+00 1.3326e-01
3.3779e+00 1.3670e-01
3.3812e+00 1.4167e-01
3.3846e+00 1.4265e-01
3.3879e+00 1.4081e-01
3.3912e+00 1.4152e-01
3.3946e+00 1.4628e-01
3.3979e+00 1.5364e-01
3.4012e+00 1.5925e-01
3.4045e+00 1.6094e-01
3.4079e+00 1.6103e-01
3.4112e+00 1.6535e-01
3.4145e+00 1.7254e-01
3.4178e+00 1.7851e-01
3.4212e+00 1.8242e-01
3.4245e+00 1.8211e-01
3.4278e+00 1.7881e-01
3.4311e+00 1.7835e-01
3.4345e+00 1.8445e-01
3.4378e+00 1.9035e-01
3.4411e+00 1.9177e-01
3.4445e+00 1.9389e-01
3.4478e+00 2.0152e-01
3.4511e+00 2.1480e-01
3.4544e+00 2.3061e-01
3.4578e+00 2.4382e-01
3.4611e+00 2.5535e-01
3.4644e+00 2.6630e-01
3.4677e+00 2.7123e-01
3.4711e+00 2.6800e-01
3.4744e+00 2.5844e-01
3.4777e+00 2.4523e-01
3.4811e+00 2.3120e-01
3.4844e+00 2.1886e-01
3.4877e+00 2.0886e-01
3.4910e+00 1.9897e-01
3.4944e+00 1.8912e-01
3.4977e+00 1.8482e-01
3.5010e+00 1.9214e-01
3.5043e+00 2.0723e-01
3.5077e+00 2.2752e-01
3.5110e+00 2.5472e-01
3.5143e+00 2.9002e-01
3.5177e+00 3.2989e-01
3.5210e+00 3.6592e-01
3.5243e+00 3.9289e-01
3.5276e+00 4.0555e-01
3.5310e+00 4.0526e-01
3.5343e+00 3.9942e-01
3.5376e+00 3.9302e-01
3.5409e+00 3.8662e-01
3.5443e+00 3.8316e-01
3.5476e+00 3.7819e-01
3.5509e+00 3.6916e-01
3.5542e+00 3.5764e-01
3.5576e+00 3.4266e-01
3.5609e+00 3.2435e-01
3.5642e+00 3.0493e-01
3.5676e+00 2.8600e-01
3.5709e+00 2.6810e-01
3.5742e+00 2.4747e-01
3.5775e+00 2.2614e-01
3.5809e+00 2.0538e-01
3.5842e+00 1.8706e-01
3.5875e+00 1.7416e-01
3.5908e+00 1.6634e-01
3.5942e+00 1.6103e-01
3.5975e+00 1.5723e-01
3.6008e+00 1.5410e-01
3.6042e+00 1.5132e-01
3.6075e+00 1.5020e-01
3.6108e+00 1.5084e-01
3.6141e+00 1.4884e-01
3.6175e+00 1.4616e-01
3.6208e+00 1.4643e-01
3.6241e+00 1.4814e-01
3.6274e+00 1.4740e-01
3.6308e+00 1.4166e-01
3.6341e+00 1.3518e-01
3.6374e+00 1.3287e-01
3.6408e+00 1.3496e-01
3.6441e+00 1.3802e-01
3.6474e+00 1.3758e-01
3.6507e+00 1.3667e-01
3.6541e+00 1.3699e-01
3.6574e+00 1.3844e-01
3.6607e+00 1.4135e-01
3.6640e+00 1.4485e-01
3.6674e+00 1.4468e-01
3.6707e+00 1.3978e-01
3.6740e+00 1.3629e-01
3.6774e+00 1.3413e-01
3.6807e+00 1.3514e-01
3.6840e+00 1.3755e-01
3.6873e+00 1.4256e-01
3.6907e+00 1.4657e-01
3.6940e+00 1.4815e-01
3.6973e+00 1.4772e-01
3.7006e+00 1.4722e-01
3.7040e+00 1.4756e-01
3.7073e+00 1.4854e-01
3.7106e+00 1.5070e-01
3.7140e+00 1.5299e-01
3.7173e+00 1.5405e-01
3.7206e+00 1.5483e-01
3.7239e+00 1.5596e-01
3.7273e+00 1.6024e-01
3.7306e+00 1.6356e-01
3.7339e+00 1.6427e-01
3.7372e+00 1.6353e-01
3.7406e+00 1.6072e-01
3.7439e+00 1.5476e-01
3.7472e+00 1.4895e-01
3.7506e+00 1.4898e-01
3.7539e+00 1.5231e-01
3.7572e+00 1.5403e-01
3.7605e+00 1.5309e-01
3.7639e+00 1.5390e-01
3.7672e+00 1.5862e-01
3.7705e+00 1.6382e-01
3.7738e+00 1.6727e-01
3.7772e+00 1.6860e-01
3.7805e+00 1.7029e-01
3.7838e+00 1.7224e-01
3.7872e+00 1.7340e-01
3.7905e+00 1.7523e-01
3.7938e+00 1.7437e-01
3.7971e+00 1.7252e-01
3.8005e+00 1.7215e-01
3.8038e+00 1.7636e-01
3.8071e+00 1.8400e-01
3.8104e+00 1.9201e-01
3.8138e+00 2.0258e-01
3.8171e+00 2.1609e-01
3.8204e+00 2.3340e-01
3.8238e+00 2.5463e-01
3.8271e+00 2.8358e-01
3.8304e+00 3.2504e-01
3.8337e+00 3.8873e-01
3.8371e+00 4.8903e-01
3.8404e+00 6.4744e-01
3.8437e+00 9.0502e-01
3.8470e+00 1.3166e+00
3.8504e+00 1.9509e+00
3.8537e+00 2.8858e+00
3.8570e+00 4.1908e+00
3.8604e+00 5.8541e+00
3.8637e+00 7.7121e+00
3.8670e+00 9.4476e+00
3.8703e+00 1.0677e+01
3.8737e+00 1.0950e+01
3.8770e+00 1.0087e+01
3.8803e+00 8.4077e+00
3.8836e+00 6.3868e+00
3.8870e+00 4.4878e+00
3.8903e+00 2.9953e+00
3.8936e+00 1.9619e+00
3.8970e+00 1.2962e+00
3.9003e+00 8.8223e-01
3.9036e+00 6.2861e-01
3.9069e+00 4.7647e-01
3.9103e+00 3.8671e-01
3.9136e+00 3.2948e-01
3.9169e+00 2.8808e-01
3.9202e+00 2.5812e-01
3.9236e+00 2.3500e-01
3.9269e+00 2.1591e-01
3.9302e+00 2.0005e-01
3.9336e+00 1.8844e-01
3.9369e+00 1.8101e-01
3.9402e+00 1.7672e-01
3.9435e+00 1.7479e-01
3.9469e+00 1.7641e-01
3.9502e+00 1.7670e-01
3.9535e+00 1.7257e-01
3.9568e+00 1.6508e-01
3.9602e+00 1.5837e-01
3.9635e+00 1.5579e-01
3.9668e+00 1.5738e-01
3.9702e+00 1.6100e-01
3.9735e+00 1.6235e-01
3.9768e+00 1.6106e-01
3.9801e+00 1.6097e-01
3.9835e+00 1.6307e-01
3.9868e+00 1.6084e-01
3.9901e+00 1.5630e-01
3.9934e+00 1.5242e-01
3.9968e+00 1.5107e-01
4.0001e+00 1.5296e-01
4.0034e+00 1.5580e-01
4.0068e+00 1.5727e-01
4.0101e+00 1.5684e-01
4.0134e+00 1.5809e-01
4.0167e+00 1.6247e-01
4.0201e+00 1.6475e-01
4.0234e+00 1.6263e-01
4.0267e+00 1.6128e-01
4.0301e+00 1.6878e-01
4.0334e+00 1.8000e-01
4.0367e+00 1.8792e-01
4.0400e+00 1.9527e-01
4.0434e+00 2.0543e-01
4.0467e+00 2.1517e-01
4.0500e+00 2.1822e-01
4.0533e+00 2.1875e-01
4.0567e+00 2.2298e-01
4.0600e+00 2.2584e-01
4.0633e+00 2.2706e-01
4.0667e+00 2.2693e-01
4.0700e+00 2.2361e-01
4.0733e+00 2.1562e-01
4.0766e+00 2.0866e-01
4.0800e+00 2.0999e-01
4.0833e+00 2.1326e-01
4.0866e+00 2.1470e-01
4.0899e+00 2.1894e-01
4.0933e+00 2.2843e-01
4.0966e+00 2.4482e-01
4.0999e+00 2.6839e-01
4.1033e+00 2.9958e-01
4.1066e+00 3.4179e-01
4.1099e+00 4.0198e-01
4.1132e+00 4.9422e-01
4.1166e+00 6.3357e-01
4.1199e+00 8.3835e-01
4.1232e+00 1.1433e+00
4.1266e+00 1.5859e+00
4.1299e+00 2.2087e+00
4.1332e+00 3.0564e+00
4.1365e+00 4.1420e+00
4.1399e+00 5.4012e+00
4.1432e+00 6.6679e+00
4.1465e+00 7.6846e+00
4.1498e+00 8.1337e+00
4.1532e+00 7.7889e+00
4.1565e+00 6.7310e+00
4.1598e+00 5.2956e+00
4.1632e+00 3.8485e+00
4.1665e+00 2.6277e+00
4.1698e+00 1.7425e+00
4.1731e+00 1.1571e+00
4.1765e+00 7.8984e-01
4.1798e+00 5.6761e-01
4.1831e+00 4.3288e-01
4.1864e+00 3.5066e-01
4.1898e+00 2.9961e-01
4.1931e+00 2.6607e-01
4.1964e+00 2.4020e-01
4.1998e+00 2.1861e-01
4.2031e+00 2.0229e-01
4.2064e+00 1.9224e-01
4.2097e+00 1.8943e-01
4.2131e+00 1.8849e-01
4.2164e+00 1.8391e-01
4.2197e+00 1.7794e-01
4.2231e+00 1.7492e-01
4.2264e+00 1.7343e-01
4.2297e+00 1.7010e-01
4.2330e+00 1.6748e-01
4.2364e+00 1.7028e-01
4.2397e+00 1.7442e-01
4.2430e+00 1.7384e-01
4.2463e+00 1.6918e-01
4.2497e+00 1.6662e-01
4.2530e+00 1.6860e-01
4.2563e+00 1.7183e-01
4.2597e+00 1.7265e-01
4.2630e+00 1.7256e-01
4.2663e+00 1.7654e-01
4.2696e+00 1.8346e-01
4.2730e+00 1.8685e-01
4.2763e+00 1.8407e-01
4.2796e+00 1.7900e-01
4.2830e+00 1.7586e-01
4.2863e+00 1.7262e-01
4.2896e+00 1.6914e-01
4.2929e+00 1.6703e-01
4.2963e+00 1.6715e-01
4.2996e+00 1.6855e-01
4.3029e+00 1.7136e-01
4.3062e+00 1.7259e-01
4.3096e+00 1.7320e-01
4.3129e+00 1.7115e-01
4.3162e+00 1.6592e-01
4.3196e+00 1.6114e-01
4.3229e+00 1.5853e-01
4.3262e+00 1.5779e-01
4.3295e+00 1.5690e-01
4.3329e+00 1.5357e-01
4.3362e+00 1.4916e-01
4.3395e+00 1.4732e-01
4.3429e+00 1.4989e-01
4.3462e+00 1.4968e-01
4.3495e+00 1.4420e-01
4.3528e+00 1.3973e-01
4.3562e+00 1.4089e-01
4.3595e+00 1.4459e-01
4.3628e+00 1.4804e-01
4.3662e+00 1.4992e-01
4.3695e+00 1.4998e-01
4.3728e+00 1.4907e-01
4.3761e+00 1.5005e-01
4.3795e+00 1.5209e-01
4.3828e+00 1.5070e-01
4.3861e+00 1.4573e-01
4.3894e+00 1.4166e-01
4.3928e+00 1.4104e-01
4.3961e+00 1.4301e-01
4.3994e+00 1.4501e-01
4.4028e+00 1.4875e-01
4.4061e+00 1.4979e-01
4.4094e+00 1.4746e-01
4.4127e+00 1.4501e-01
4.4161e+00 1.4347e-01
4.4194e+00 1.4228e-01
4.4227e+00 1.4251e-01
4.4261e+00 1.4600e-01
4.4294e+00 1.4806e-01
4.4327e+00 1.4713e-01
4.4360e+00 1.4533e-01
4.4394e+00 1.4639e-01
4.4427e+00 1.4938e-01
4.4460e+00 1.5190e-01
4.4493e+00 1.5268e-01
4.4527e+00 1.5571e-01
4.4560e+00 1.5986e-01
4.4593e+00 1.6020e-01
4.4627e+00 1.6104e-01
4.4660e+00 1.6217e-01
4.4693e+00 1.6047e-01
4.4726e+00 1.5859e-01
4.4760e+00 1.6179e-01
4.4793e+00 1.6719e-01
4.4826e+00 1.6787e-01
4.4860e+00 1.6810e-01
4.4893e+00 1.7176e-01
4.4926e+00 1.7684e-01
4.4959e+00 1.7976e-01
4.4993e+00 1.8190e-01
4.5026e+00 1.8439e-01
4.5059e+00 1.8399e-01
4.5093e+00 1.7998e-01
4.5126e+00 1.7691e-01
4.5159e+00 1.7627e-01
4.5192e+00 1.7536e-01
4.5226e+00 1.7300e-01
4.5259e+00 1.7077e-01
4.5292e+00 1.6993e-01
4.5325e+00 1.7059e-01
4.5359e+00 1.7579e-01
4.5392e+00 1.8702e-01
4.5425e+00 2.0331e-01
4.5459e+00 2.2208e-01
4.5492e+00 2.4477e-01
4.5525e+00 2.6881e-01
4.5558e+00 2.9502e-01
4.5592e+00 3.2102e-01
4.5625e+00 3.3590e-01
4.5658e+00 3.3536e-01
4.5692e+00 3.1816e-01
4.5725e+00 2.9277e-01
4.5758e+00 2.6330e-01
4.5791e+00 2.3491e-01
4.5825e+00 2.1100e-01
4.5858e+00 1.9533e-01
4.5891e+00 1.8927e-01
4.5925e+00 1.9113e-01
4.5958e+00 1.9243e-01
4.5991e+00 1.9082e-01
4.6024e+00 1.8504e-01
4.6058e+00 1.7991e-01
4.6091e+00 1.8103e-01
4.6124e+00 1.8238e-01
4.6158e+00 1.7920e-01
4.6191e+00 1.7585e-01
4.6224e+00 1.7382e-01
4.6257e+00 1.7216e-01
4.6291e+00 1.7092e-01
4.6324e+00 1.7098e-01
4.6357e+00 1.7238e-01
4.6390e+00 1.7281e-01
4.6424e+00 1.7077e-01
4.6457e+00 1.6828e-01
4.6490e+00 1.6753e-01
4.6524e+00 1.6554e-01
4.6557e+00 1.6274e-01
4.6590e+00 1.6066e-01
4.6623e+00 1.6007e-01
4.6657e+00 1.6102e-01
4.6690e+00 1.6269e-01
4.6723e+00 1.6452e-01
4.6757e+00 1.6539e-01
4.6790e+00 1.6703e-01
4.6823e+00 1.7085e-01
4.6856e+00 1.7529e-01
4.6890e+00 1.7854e-01
4.6923e+00 1.8295e-01
4.6956e+00 1.9159e-01
4.6990e+00 2.0574e-01
4.7023e+00 2.3017e-01
4.7056e+00 2.7183e-01
4.7089e+00 3.3693e-01
4.7123e+00 4.3740e-01
4.7156e+00 5.8868e-01
4.7189e+00 8.0515e-01
4.7223e+00 1.0956e+00
4.7256e+00 1.4484e+00
4.7289e+00 1.8287e+00
4.7322e+00 2.1635e+00
4.7356e+00 2.3682e+00
4.7389e+00 2.3479e+00
4.7422e+00 2.1014e+00
4.7456e+00 1.7311e+00
4.7489e+00 1.3244e+00
4.7522e+00 9.5707e-01
4.7555e+00 6.7585e-01
4.7589e+00 4.8589e-01
4.7622e+00 3.6518e-01
4.7655e+00 2.9185e-01
4.7689e+00 2.4958e-01
4.7722e+00 2.2352e-01
4.7755e+00 2.0375e-01
4.7788e+00 1.8932e-01
4.7822e+00 1.7939e-01
4.7855e+00 1.7251e-01
4.7888e+00 1.6793e-01
4.7922e+00 1.6406e-01
4.7955e+00 1.6096e-01
4.7988e+00 1.5982e-01
4.8021e+00 1.6097e-01
4.8055e+00 1.6227e-01
4.8088e+00 1.6242e-01
4.8121e+00 1.6306e-01
4.8154e+00 1.6489e-01
4.8188e+00 1.6582e-01
4.8221e+00 1.6843e-01
4.8254e+00 1.7388e-01
4.8288e+00 1.7933e-01
4.8321e+00 1.8370e-01
4.8354e+00 1.8739e-01
4.8387e+00 1.8898e-01
4.8421e+00 1.8606e-01
4.8454e+00 1.8120e-01
4.8487e+00 1.7754e-01
4.8521e+00 1.7738e-01
4.8554e+00 1.7861e-01
4.8587e+00 1.7718e-01
4.8620e+00 1.7443e-01
4.8654e+00 1.7288e-01
4.8687e+00 1.7349e-01
4.8720e+00 1.7318e-01
4.8754e+00 1.7156e-01
4.8787e+00 1.7091e-01
4.8820e+00 1.6846e-01
4.8853e+00 1.6583e-01
4.8887e+00 1.6223e-01
4.8920e+00 1.5848e-01
4.8953e+00 1.5704e-01
4.8987e+00 1.5769e-01
4.9020e+00 1.5821e-01
4.9053e+00 1.5661e-01
4.9086e+00 1.5436e-01
4.9120e+00 1.5133e-01
4.9153e+00 1.4872e-01
4.9186e+00 1.5026e-01
4.9220e+00 1.5360e-01
4.9253e+00 1.5621e-01
4.9286e+00 1.5510e-01
4.9319e+00 1.5033e-01
4.9353e+00 1.4604e-01
4.9386e+00 1.4443e-01
4.9419e+00 1.4379e-01
4.9453e+00 1.4281e-01
4.9486e+00 1.4227e-01
4.9519e+00 1.4319e-01
4.9552e+00 1.4531e-01
4.9586e+00 1.4782e-01
4.9619e+00 1.5113e-01
4.9652e+00 1.5719e-01
4.9686e+00 1.6415e-01
4.9719e+00 1.6952e-01
4.9752e+00 1.7545e-01
4.9785e+00 1.8446e-01
4.9819e+00 1.9493e-01
4.9852e+00 2.0600e-01
4.9885e+00 2.1316e-01
4.9919e+00 2.1368e-01
4.9952e+00 2.0784e-01
4.9985e+00 2.0122e-01
5.0018e+00 1.9902e-01
5.0052e+00 2.0309e-01
5.0085e+00 2.1265e-01
5.0118e+00 2.2727e-01
5.0152e+00 2.4892e-01
5.0185e+00 2.7923e-01
5.0218e+00 3.1534e-01
5.0251e+00 3.4741e-01
5.0285e+00 3.6179e-01
5.0318e+00 3.5278e-01
5.0351e+00 3.2638e-01
5.0385e+00 2.9029e-01
5.0418e+00 2.5102e-01
5.0451e+00 2.1613e-01
5.0484e+00 1.9363e-01
5.0518e+00 1.8009e-01
5.0551e+00 1.6990e-01
5.0584e+00 1.6120e-01
5.0618e+00 1.5277e-01
5.0651e+00 1.4760e-01
5.0684e+00 1.4601e-01
5.0717e+00 1.4641e-01
5.0751e+00 1.4717e-01
5.0784e+00 1.4810e-01
5.0817e+00 1.5196e-01
5.0851e+00 1.5611e-01
5.0884e+00 1.5814e-01
5.0917e+00 1.5897e-01
5.0950e+00 1.6070e-01
5.0984e+00 1.6310e-01
5.1017e+00 1.6442e-01
5.1050e+00 1.6426e-01
5.1084e+00 1.6244e-01
5.1117e+00 1.6068e-01
5.1150e+00 1.5933e-01
5.1184e+00 1.5812e-01
5.1217e+00 1.5620e-01
5.1250e+00 1.5503e-01
5.1283e+00 1.5414e-01
5.1317e+00 1.5274e-01
5.1350e+00 1.5150e-01
5.1383e+00 1.5073e-01
5.1417e+00 1.4921e-01
5.1450e+00 1.4830e-01
5.1483e+00 1.4827e-01
5.1516e+00 1.4976e-01
5.1550e+00 1.4869e-01
5.1583e+00 1.4548e-01
5.1616e+00 1.4581e-01
5.1650e+00 1.4855e-01
5.1683e+00 1.4877e-01
5.1716e+00 1.4702e-01
5.1749e+00 1.4547e-01
5.1783e+00 1.4461e-01
5.1816e+00 1.4474e-01
5.1849e+00 1.4665e-01
5.1883e+00 1.4716e-01
5.1916e+00 1.4494e-01
5.1949e+00 1.4464e-01
5.1982e+00 1.4626e-01
5.2016e+00 1.4559e-01
5.2049e+00 1.4467e-01
5.2082e+00 1.4551e-01
5.2116e+00 1.4769e-01
5.2149e+00 1.5034e-01
5.2182e+00 1.5251e-01
5.2215e+00 1.5293e-01
5.2249e+00 1.4998e-01
5.2282e+00 1.5015e-01
5.2315e+00 1.5254e-01
5.2349e+00 1.5580e-01
5.2382e+00 1.5915e-01
5.2415e+00 1.5955e-01
5.2448e+00 1.5969e-01
5.2482e+00 1.6055e-01
5.2515e+00 1.5956e-01
5.2548e+00 1.5756e-01
5.2582e+00 1.5675e-01
5.2615e+00 1.5559e-01
5.2648e+00 1.5471e-01
5.2682e+00 1.5572e-01
5.2715e+00 1.5876e-01
5.2748e+00 1.6078e-01
5.2781e+00 1.5926e-01
5.2815e+00 1.5754e-01
5.2848e+00 1.5794e-01
5.2881e+00 1.5586e-01
5.2915e+00 1.5469e-01
5.2948e+00 1.5491e-01
5.2981e+00 1.5624e-01
5.3014e+00 1.5588e-01
5.3048e+00 1.5383e-01
5.3081e+00 1.5202e-01
5.3114e+00 1.5102e-01
5.3148e+00 1.4996e-01
5.3181e+00 1.4879e-01
5.3214e+00 1.4756e-01
5.3247e+00 1.4841e-01
5.3281e+00 1.4960e-01
5.3314e+00 1.4819e-01
5.3347e+00 1.4666e-01
5.3381e+00 1.4635e-01
5.3414e+00 1.4734e-01
5.3447e+00 1.4780e-01
5.3480e+00 1.4810e-01
5.3514e+00 1.4764e-01
5.3547e+00 1.4427e-01
5.3580e+00 1.3934e-01
5.3614e+00 1.3811e-01
5.3647e+00 1.4007e-01
5.3680e+00 1.4233e-01
5.3714e+00 1.4189e-01
5.3747e+00 1.3907e-01
5.3780e+00 1.3746e-01
5.3813e+00 1.3945e-01
5.3847e+00 1.4228e-01
5.3880e+00 1.4288e-01
5.3913e+00 1.4233e-01
5.3947e+00 1.4294e-01
5.3980e+00 1.4078e-01
5.4013e+00 1.3789e-01
5.4046e+00 1.3961e-01
5.4080e+00 1.4379e-01
5.4113e+00 1.4454e-01
5.4146e+00 1.4236e-01
5.4180e+00 1.4022e-01
5.4213e+00 1.3848e-01
5.4246e+00 1.3734e-01
5.4279e+00 1.3624e-01
5.4313e+00 1.3728e-01
5.4346e+00 1.3973e-01
5.4379e+00 1.4175e-01
5.4413e+00 1.4421e-01
5.4446e+00 1.4444e-01
5.4479e+00 1.4442e-01
5.4513e+00 1.4650e-01
5.4546e+00 1.4834e-01
5.4579e+00 1.4772e-01
5.4612e+00 1.4643e-01
5.4646e+00 1.4582e-01
5.4679e+00 1.4576e-01
5.4712e+00 1.4767e-01
5.4746e+00 1.4981e-01
5.4779e+00 1.4943e-01
5.4812e+00 1.4657e-01
5.4845e+00 1.4408e-01
5.4879e+00 1.4440e-01
5.4912e+00 1.4593e-01
5.4945e+00 1.4854e-01
5.4979e+00 1.4972e-01
5.5012e+00 1.4970e-01
5.5045e+00 1.4912e-01
5.5079e+00 1.4934e-01
5.5112e+00 1.5016e-01
5.5145e+00 1.5027e-01
5.5178e+00 1.4846e-01
5.5212e+00 1.4567e-01
5.5245e+00 1.4374e-01
5.5278e+00 1.4258e-01
5.5312e+00 1.4122e-01
5.5345e+00 1.4153e-01
5.5378e+00 1.4291e-01
5.5411e+00 1.4580e-01
5.5445e+00 1.4771e-01
5.5478e+00 1.4798e-01
5.5511e+00 1.4672e-01
5.5545e+00 1.4459e-01
5.5578e+00 1.4260e-01
5.5611e+00 1.4260e-01
5.5644e+00 1.4372e-01
5.5678e+00 1.4520e-01
5.5711e+00 1.4717e-01
5.5744e+00 1.4977e-01
5.5778e+00 1.5394e-01
5.5811e+00 1.5888e-01
5.5844e+00 1.6165e-01
5.5878e+00 1.5982e-01
5.5911e+00 1.5506e-01
5.5944e+00 1.5308e-01
5.5977e+00 1.5609e-01
5.6011e+00 1.6149e-01
5.6044e+00 1.6794e-01
5.6077e+00 1.7256e-01
5.6111e+00 1.7409e-01
5.6144e+00 1.7480e-01
5.6177e+00 1.7730e-01
5.6210e+00 1.8235e-01
5.6244e+00 1.8919e-01
5.6277e+00 1.9639e-01
5.6310e+00 2.0616e-01
5.6344e+00 2.2267e-01
5.6377e+00 2.5024e-01
5.6410e+00 2.9437e-01
5.6444e+00 3.5975e-01
5.6477e+00 4.5946e-01
5.6510e+00 6.1683e-01
5.6543e+00 8.6441e-01
5.6577e+00 1.2321e+00
5.6610e+00 1.7347e+00
5.6643e+00 2.3671e+00
5.6677e+00 3.0986e+00
5.6710e+00 3.8395e+00
5.6743e+00 4.4355e+00
5.6777e+00 4.7278e+00
5.6810e+00 4.6027e+00
5.6843e+00 4.0850e+00
5.6876e+00 3.3397e+00
5.6910e+00 2.5476e+00
5.6943e+00 1.8396e+00
5.6976e+00 1.2836e+00
5.7010e+00 8.8611e-01
5.7043e+00 6.2548e-01
5.7076e+00 4.6268e-01
5.7109e+00 3.5956e-01
5.7143e+00 2.9264e-01
5.7176e+00 2.5034e-01
5.7209e+00 2.2586e-01
5.7243e+00 2.0925e-01
5.7276e+00 1.9698e-01
5.7309e+00 1.8764e-01
5.7343e+00 1.7971e-01
5.7376e+00 1.7302e-01
5.7409e+00 1.6774e-01
5.7442e+00 1.6725e-01
5.7476e+00 1.6936e-01
5.7509e+00 1.7290e-01
5.7542e+00 1.7659e-01
5.7576e+00 1.7812e-01
5.7609e+00 1.7686e-01
5.7642e+00 1.7428e-01
5.7676e+00 1.7354e-01
5.7709e+00 1.7452e-01
5.7742e+00 1.7349e-01
5.7775e+00 1.7344e-01
5.7809e+00 1.7340e-01
5.7842e+00 1.7191e-01
5.7875e+00 1.7005e-01
5.7909e+00 1.6706e-01
5.7942e+00 1.6483e-01
5.7975e+00 1.6443e-01
5.8008e+00 1.6597e-01
5.8042e+00 1.6558e-01
5.8075e+00 1.6292e-01
5.8108e+00 1.6156e-01
5.8142e+00 1.6016e-01
5.8175e+00 1.5654e-01
5.8208e+00 1.5214e-01
5.8242e+00 1.4802e-01
5.8275e+00 1.4591e-01
5.8308e+00 1.4620e-01
5.8341e+00 1.4905e-01
5.8375e+00 1.5265e-01
5.8408e+00 1.5198e-01
5.8441e+00 1.4770e-01
5.8475e+00 1.4601e-01
5.8508e+00 1.4838e-01
5.8541e+00 1.5051e-01
5.8575e+00 1.4971e-01
5.8608e+00 1.4658e-01
5.8641e+00 1.4542e-01
5.8674e+00 1.4640e-01
5.8708e+00 1.4827e-01
5.8741e+00 1.5008e-01
5.8774e+00 1.5102e-01
5.8808e+00 1.5195e-01
5.8841e+00 1.5222e-01
5.8874e+00 1.5023e-01
5.8908e+00 1.4564e-01
5.8941e+00 1.4212e-01
5.8974e+00 1.4293e-01
5.9007e+00 1.4759e-01
5.9041e+00 1.5056e-01
5.9074e+00 1.4885e-01
5.9107e+00 1.4599e-01
5.9141e+00 1.4488e-01
5.9174e+00 1.4483e-01
5.9207e+00 1.4718e-01
5.9241e+00 1.5027e-01
5.9274e+00 1.5423e-01
5.9307e+00 1.5817e-01
5.9340e+00 1.5957e-01
5.9374e+00 1.5704e-01
5.9407e+00 1.5579e-01
5.9440e+00 1.5779e-01
5.9474e+00 1.5915e-01
5.9507e+00 1.5729e-01
5.9540e+00 1.5505e-01
5.9574e+00 1.5407e-01
5.9607e+00 1.5289e-01
5.9640e+00 1.5303e-01
5.9673e+00 1.5368e-01
5.9707e+00 1.5337e-01
5.9740e+00 1.5133e-01
5.9773e+00 1.4994e-01
5.9807e+00 1.5040e-01
5.9840e+00 1.5165e-01
5.9873e+00 1.5110e-01
5.9907e+00 1.5039e-01
5.9940e+00 1.5346e-01
5.9973e+00 1.5733e-01
6.0006e+00 1.5693e-01
6.0040e+00 1.5384e-01
6.0073e+00 1.5355e-01
6.0106e+00 1.5701e-01
6.0140e+00 1.6051e-01
6.0173e+00 1.6199e-01
6.0206e+00 1.6323e-01
6.0240e+00 1.6337e-01
6.0273e+00 1.6339e-01
6.0306e+00 1.6467e-01
6.0339e+00 1.6541e-01
6.0373e+00 1.6573e-01
6.0406e+00 1.6405e-01
6.0439e+00 1.6140e-01
6.0473e+00 1.6151e-01
6.0506e+00 1.6359e-01
6.0539e+00 1.6420e-01
6.0573e+00 1.6427e-01
6.0606e+00 1.6436e-01
6.0639e+00 1.6229e-01
6.0672e+00 1.5920e-01
6.0706e+00 1.5912e-01
6.0739e+00 1.6098e-01
6.0772e+00 1.6181e-01
6.0806e+00 1.6373e-01
6.0839e+00 1.6970e-01
6.0872e+00 1.7656e-01
6.0906e+00 1.8124e-01
6.0939e+00 1.8675e-01
6.0972e+00 1.9627e-01
6.1005e+00 2.0879e-01
6.1039e+00 2.2189e-01
6.1072e+00 2.2995e-01
6.1105e+00 2.3652e-01
6.1139e+00 2.4423e-01
6.1172e+00 2.5069e-01
6.1205e+00 2.5744e-01
6.1239e+00 2.6883e-01
6.1272e+00 2.8948e-01
6.1305e+00 3.2108e-01
6.1338e+00 3.6955e-01
6.1372e+00 4.4837e-01
6.1405e+00 5.7478e-01
6.1438e+00 7.7553e-01
6.1472e+00 1.0879e+00
6.1505e+00 1.5462e+00
6.1538e+00 2.1688e+00
6.1572e+00 2.9482e+00
6.1605e+00 3.8355e+00
6.1638e+00 4.7235e+00
6.1671e+00 5.4404e+00
6.1705e+00 5.8016e+00
6.1738e+00 5.6416e+00
6.1771e+00 5.0197e+00
6.1805e+00 4.1488e+00
6.1838e+00 3.2059e+00
6.1871e+00 2.3415e+00
6.1905e+00 1.6461e+00
6.1938e+00 1.1377e+00
6.1971e+00 7.9421e-01
6.2005e+00 5.7370e-01
6.2038e+00 4.3405e-01
6.2071e+00 3.4690e-01
6.2104e+00 2.9441e-01
6.2138e+00 2.5850e-01
6.2171e+00 2.3134e-01
6.2204e+00 2.1202e-01
6.2238e+00 1.9919e-01
6.2271e+00 1.8959e-01
6.2304e+00 1.8323e-01
6.2338e+00 1.7778e-01
6.2371e+00 1.7283e-01
6.2404e+00 1.6899e-01
6.2437e+00 1.6294e-01
6.2471e+00 1.5666e-01
6.2504e+00 1.5395e-01
6.2537e+00 1.5514e-01
6.2571e+00 1.5647e-01
6.2604e+00 1.5456e-01
6.2637e+00 1.5298e-01
6.2671e+00 1.5495e-01
6.2704e+00 1.5893e-01
6.2737e+00 1.6006e-01
6.2771e+00 1.5920e-01
6.2804e+00 1.5900e-01
6.2837e+00 1.5783e-01
6.2870e+00 1.5532e-01
6.2904e+00 1.5483e-01
6.2937e+00 1.5844e-01
6.2970e+00 1.6203e-01
6.3004e+00 1.6152e-01
6.3037e+00 1.5847e-01
6.3070e+00 1.5619e-01
6.3104e+00 1.5582e-01
6.3137e+00 1.5658e-01
6.3170e+00 1.5750e-01
6.3203e+00 1.5932e-01
6.3237e+00 1.5940e-01
6.3270e+00 1.5924e-01
6.3303e+00 1.6047e-01
6.3337e+00 1.6012e-01
6.3370e+00 1.5852e-01
6.3403e+00 1.5956e-01
6.3437e+00 1.6149e-01
6.3470e+00 1.6122e-01
6.3503e+00 1.5892e-01
6.3537e+00 1.5660e-01
6.3570e+00 1.5700e-01
6.3603e+00 1.5977e-01
6.3636e+00 1.6498e-01
6.3670e+00 1.7112e-01
6.3703e+00 1.7878e-01
6.3736e+00 1.8777e-01
6.3770e+00 1.9753e-01
6.3803e+00 2.0845e-01
6.3836e+00 2.1554e-01
6.3870e+00 2.1681e-01
6.3903e+00 2.1446e-01
6.3936e+00 2.1130e-01
6.3970e+00 2.0754e-01
6.4003e+00 2.0017e-01
6.4036e+00 1.9069e-01
6.4069e+00 1.8195e-01
6.4103e+00 1.7564e-01
6.4136e+00 1.7054e-01
6.4169e+00 1.6524e-01
6.4203e+00 1.6125e-01
6.4236e+00 1.5803e-01
6.4269e+00 1.5678e-01
6.4303e+00 1.5758e-01
6.4336e+00 1.6041e-01
6.4369e+00 1.6471e-01
6.4403e+00 1.6853e-01
6.4436e+00 1.6920e-01
6.4469e+00 1.6723e-01
6.4502e+00 1.6785e-01
6.4536e+00 1.7397e-01
6.4569e+00 1.8313e-01
6.4602e+00 1.9568e-01
6.4636e+00 2.1154e-01
6.4669e+00 2.2791e-01
6.4702e+00 2.4453e-01
6.4736e+00 2.6286e-01
6.4769e+00 2.8164e-01
6.4802e+00 2.9738e-01
6.4836e+00 3.0494e-01
6.4869e+00 3.0482e-01
6.4902e+00 2.9991e-01
6.4935e+00 2.9162e-01
6.4969e+00 2.8493e-01
6.5002e+00 2.8677e-01
6.5035e+00 3.0160e-01
6.5069e+00 3.3501e-01
6.5102e+00 3.8948e-01
6.5135e+00 4.6210e-01
6.5169e+00 5.4752e-01
6.5202e+00 6.4367e-01
6.5235e+00 7.4915e-01
6.5269e+00 8.6535e-01
6.5302e+00 9.8909e-01
6.5335e+00 1.1095e+00
6.5368e+00 1.2165e+00
6.5402e+00 1.2889e+00
6.5435e+00 1.2909e+00
6.5468e+00 1.2096e+00
6.5502e+00 1.0619e+00
6.5535e+00 8.8397e-01
6.5568e+00 7.0382e-01
6.5602e+00 5.4658e-01
6.5635e+00 4.2346e-01
6.5668e+00 3.3588e-01
6.5702e+00 2.7778e-01
6.5735e+00 2.4143e-01
6.5768e+00 2.1582e-01
6.5801e+00 1.9715e-01
6.5835e+00 1.8486e-01
6.5868e+00 1.7987e-01
6.5901e+00 1.7708e-01
6.5935e+00 1.7198e-01
6.5968e+00 1.6547e-01
6.6001e+00 1.6223e-01
6.6035e+00 1.6109e-01
6.6068e+00 1.5967e-01
6.6101e+00 1.5843e-01
6.6135e+00 1.5771e-01
6.6168e+00 1.5703e-01
6.6201e+00 1.5744e-01
6.6234e+00 1.5679e-01
6.6268e+00 1.5576e-01
6.6301e+00 1.5441e-01
6.6334e+00 1.5358e-01
6.6368e+00 1.5151e-01
6.6401e+00 1.4980e-01
6.6434e+00 1.4897e-01
6.6468e+00 1.4995e-01
6.6501e+00 1.4952e-01
6.6534e+00 1.4773e-01
6.6568e+00 1.4602e-01
6.6601e+00 1.4472e-01
6.6634e+00 1.4265e-01
6.6668e+00 1.4207e-01
6.6701e+00 1.4338e-01
6.6734e+00 1.4448e-01
6.6767e+00 1.4405e-01
6.6801e+00 1.4345e-01
6.6834e+00 1.4468e-01
6.6867e+00 1.4538e-01
6.6901e+00 1.4489e-01
6.6934e+00 1.4574e-01
6.6967e+00 1.4657e-01
6.7001e+00 1.4439e-01
6.7034e+00 1.4145e-01
6.7067e+00 1.4196e-01
6.7101e+00 1.4492e-01
6.7134e+00 1.4723e-01
6.7167e+00 1.4951e-01
6.7201e+00 1.5001e-01
6.7234e+00 1.5072e-01
6.7267e+00 1.5415e-01
6.7300e+00 1.5731e-01
6.7334e+00 1.5711e-01
6.7367e+00 1.5646e-01
6.7400e+00 1.5755e-01
6.7434e+00 1.5708e-01
6.7467e+00 1.5431e-01
6.7500e+00 1.5032e-01
6.7534e+00 1.4902e-01
6.7567e+00 1.5144e-01
6.7600e+00 1.5583e-01
6.7634e+00 1.5978e-01
6.7667e+00 1.6003e-01
6.7700e+00 1.5621e-01
6.7734e+00 1.5303e-01
6.7767e+00 1.5310e-01
6.7800e+00 1.5506e-01
6.7833e+00 1.5701e-01
6.7867e+00 1.5759e-01
6.7900e+00 1.5791e-01
6.7933e+00 1.5938e-01
6.7967e+00 1.5852e-01
6.8000e+00 1.5624e-01
6.8033e+00 1.5606e-01
6.8067e+00 1.5526e-01
6.8100e+00 1.5231e-01
6.8133e+00 1.5127e-01
6.8167e+00 1.5495e-01
6.8200e+00 1.5847e-01
6.8233e+00 1.5869e-01
6.8267e+00 1.5716e-01
6.8300e+00 1.5575e-01
6.8333e+00 1.5594e-01
6.8366e+00 1.5648e-01
6.8400e+00 1.5737e-01
6.8433e+00 1.5952e-01
6.8466e+00 1.6272e-01
6.8500e+00 1.6567e-01
6.8533e+00 1.6525e-01
6.8566e+00 1.6321e-01
6.8600e+00 1.6399e-01
6.8633e+00 1.6776e-01
6.8666e+00 1.6878e-01
6.8700e+00 1.6685e-01
6.8733e+00 1.6521e-01
6.8766e+00 1.6397e-01
6.8800e+00 1.6175e-01
6.8833e+00 1.5914e-01
6.8866e+00 1.5807e-01
6.8899e+00 1.5799e-01
6.8933e+00 1.5969e-01
6.8966e+00 1.6133e-01
6.8999e+00 1.5986e-01
6.9033e+00 1.5798e-01
6.9066e+00 1.5777e-01
6.9099e+00 1.5798e-01
6.9133e+00 1.5712e-01
6.9166e+00 1.5556e-01
6.9199e+00 1.5427e-01
6.9233e+00 1.5283e-01
6.9266e+00 1.5235e-01
6.9299e+00 1.5361e-01
6.9333e+00 1.5520e-01
6.9366e+00 1.5646e-01
6.9399e+00 1.5931e-01
6.9433e+00 1.6187e-01
6.9466e+00 1.6233e-01
6.9499e+00 1.6361e-01
6.9532e+00 1.6559e-01
6.9566e+00 1.6764e-01
6.9599e+00 1.6730e-01
6.9632e+00 1.6565e-01
6.9666e+00 1.6697e-01
6.9699e+00 1.6949e-01
6.9732e+00 1.7116e-01
6.9766e+00 1.7399e-01
6.9799e+00 1.7897e-01
6.9832e+00 1.8607e-01
6.9866e+00 1.9584e-01
6.9899e+00 2.0843e-01
6.9932e+00 2.2859e-01
6.9966e+00 2.6113e-01
6.9999e+00 3.1089e-01
7.0032e+00 3.8581e-01
7.0066e+00 5.0137e-01
7.0099e+00 6.7817e-01
7.0132e+00 9.4063e-01
7.0166e+00 1.3157e+00
7.0199e+00 1.8121e+00
7.0232e+00 2.4131e+00
7.0265e+00 3.0665e+00
7.0299e+00 3.6808e+00
7.0332e+00 4.1348e+00
7.0365e+00 4.3003e+00
7.0399e+00 4.1112e+00
7.0432e+00 3.6494e+00
7.0465e+00 3.0304e+00
7.0499e+00 2.3838e+00
7.0532e+00 1.8059e+00
7.0565e+00 1.3436e+00
7.0599e+00 1.0025e+00
7.0632e+00 7.6291e-01
7.0665e+00 5.9613e-01
7.0699e+00 4.7635e-01
7.0732e+00 3.8891e-01
7.0765e+00 3.2775e-01
7.0799e+00 2.8450e-01
7.0832e+00 2.5404e-01
7.0865e+00 2.3005e-01
7.0898e+00 2.1342e-01
7.0932e+00 2.0410e-01
7.0965e+00 1.9641e-01
7.0998e+00 1.8693e-01
7.1032e+00 1.8003e-01
7.1065e+00 1.7821e-01
7.1098e+00 1.8012e-01
7.1132e+00 1.7974e-01
7.1165e+00 1.7764e-01
7.1198e+00 1.7698e-01
7.1232e+00 1.7869e-01
7.1265e+00 1.8115e-01
7.1298e+00 1.8442e-01
7.1332e+00 1.8937e-01
7.1365e+00 1.9442e-01
7.1398e+00 1.9854e-01
7.1432e+00 2.0582e-01
7.1465e+00 2.2125e-01
7.1498e+00 2.4294e-01
7.1532e+00 2.7067e-01
7.1565e+00 3.1296e-01
7.1598e+00 3.8051e-01
7.1632e+00 4.8418e-01
7.1665e+00 6.4273e-01
7.1698e+00 8.7709e-01
7.1731e+00 1.2081e+00
7.1765e+00 1.6464e+00
7.1798e+00 2.1836e+00
7.1831e+00 2.7692e+00
7.1865e+00 3.3221e+00
7.1898e+00 3.7271e+00
7.1931e+00 3.8687e+00
7.1965e+00 3.6929e+00
7.1998e+00 3.2610e+00
7.2031e+00 2.6926e+00
7.2065e+00 2.0950e+00
7.2098e+00 1.5559e+00
7.2131e+00 1.1221e+00
7.2165e+00 8.0345e-01
7.2198e+00 5.8376e-01
7.2231e+00 4.3678e-01
7.2265e+00 3.4027e-01
7.2298e+00 2.7830e-01
7.2331e+00 2.4004e-01
7.2365e+00 2.2067e-01
7.2398e+00 2.1139e-01
7.2431e+00 2.0332e-01
7.2465e+00 1.9518e-01
7.2498e+00 1.8580e-01
7.2531e+00 1.7834e-01
7.2564e+00 1.7284e-01
7.2598e+00 1.6897e-01
7.2631e+00 1.6669e-01
7.2664e+00 1.6730e-01
7.2698e+00 1.6881e-01
7.2731e+00 1.6833e-01
7.2764e+00 1.6823e-01
7.2798e+00 1.6881e-01
7.2831e+00 1.6880e-01
7.2864e+00 1.6777e-01
7.2898e+00 1.6633e-01
7.2931e+00 1.6633e-01
7.2964e+00 1.6537e-01
7.2998e+00 1.6548e-01
7.3031e+00 1.6557e-01
7.3064e+00 1.6411e-01
7.3098e+00 1.6302e-01
7.3131e+00 1.6190e-01
7.3164e+00 1.6013e-01
7.3198e+00 1.6067e-01
7.3231e+00 1.6257e-01
7.3264e+00 1.6237e-01
7.3298e+00 1.5807e-01
7.3331e+00 1.5114e-01
7.3364e+00 1.4794e-01
7.3398e+00 1.5126e-01
7.3431e+00 1.5687e-01
7.3464e+00 1.5830e-01
7.3498e+00 1.5628e-01
7.3531e+00 1.5443e-01
7.3564e+00 1.5429e-01
7.3597e+00 1.5637e-01
7.3631e+00 1.5933e-01
7.3664e+00 1.6047e-01
7.3697e+00 1.6110e-01
7.3731e+00 1.6602e-01
7.3764e+00 1.7223e-01
7.3797e+00 1.7699e-01
7.3831e+00 1.7956e-01
7.3864e+00 1.8131e-01
7.3897e+00 1.8338e-01
7.3931e+00 1.8613e-01
7.3964e+00 1.8725e-01
7.3997e+00 1.8593e-01
7.4031e+00 1.8158e-01
7.4064e+00 1.7607e-01
7.4097e+00 1.7076e-01
7.4131e+00 1.6549e-01
7.4164e+00 1.6011e-01
7.4197e+00 1.5655e-01
7.4231e+00 1.5361e-01
7.4264e+00 1.4952e-01
7.4297e+00 1.4505e-01
7.4331e+00 1.4346e-01
7.4364e+00 1.4393e-01
7.4397e+00 1.4451e-01
7.4431e+00 1.4418e-01
7.4464e+00 1.4473e-01
7.4497e+00 1.4427e-01
7.4531e+00 1.4310e-01
7.4564e+00 1.4274e-01
7.4597e+00 1.4251e-01
7.4631e+00 1.4089e-01
7.4664e+00 1.3903e-01
7.4697e+00 1.3894e-01
7.4731e+00 1.3954e-01
7.4764e+00 1.3775e-01
7.4797e+00 1.3508e-01
7.4830e+00 1.3518e-01
7.4864e+00 1.3619e-01
7.4897e+00 1.3520e-01
7.4930e+00 1.3389e-01
7.4964e+00 1.3262e-01
7.4997e+00 1.3418e-01
7.5030e+00 1.3708e-01
7.5064e+00 1.3973e-01
7.5097e+00 1.4075e-01
7.5130e+00 1.3918e-01
7.5164e+00 1.3831e-01
7.5197e+00 1.3939e-01
7.5230e+00 1.4055e-01
7.5264e+00 1.3985e-01
7.5297e+00 1.3770e-01
7.5330e+00 1.3789e-01
7.5364e+00 1.4050e-01
7.5397e+00 1.4296e-01
7.5430e+00 1.4433e-01
7.5464e+00 1.4166e-01
7.5497e+00 1.3918e-01
7.5530e+00 1.3873e-01
7.5564e+00 1.4248e-01
7.5597e+00 1.4738e-01
7.5630e+00 1.4760e-01
7.5664e+00 1.4441e-01
7.5697e+00 1.4238e-01
7.5730e+00 1.4479e-01
7.5764e+00 1.4674e-01
7.5797e+00 1.4457e-01
7.5830e+00 1.4269e-01
7.5864e+00 1.4301e-01
7.5897e+00 1.4176e-01
7.5930e+00 1.3995e-01
7.5964e+00 1.3907e-01
7.5997e+00 1.3989e-01
7.6030e+00 1.4099e-01
7.6064e+00 1.4073e-01
7.6097e+00 1.3915e-01
7.6130e+00 1.4148e-01
7.6164e+00 1.4724e-01
7.6197e+00 1.5124e-01
7.6230e+00 1.4925e-01
7.6264e+00 1.4507e-01
7.6297e+00 1.4218e-01
7.6330e+00 1.3995e-01
7.6364e+00 1.3738e-01
7.6397e+00 1.3605e-01
7.6430e+00 1.3689e-01
7.6464e+00 1.3724e-01
7.6497e+00 1.3652e-01
7.6530e+00 1.3638e-01
7.6564e+00 1.3834e-01
7.6597e+00 1.4232e-01
7.6630e+00 1.4674e-01
7.6664e+00 1.4900e-01
7.6697e+00 1.4739e-01
7.6730e+00 1.4555e-01
7.6763e+00 1.4605e-01
7.6797e+00 1.4800e-01
7.6830e+00 1.4571e-01
7.6863e+00 1.4060e-01
7.6897e+00 1.3855e-01
7.6930e+00 1.3945e-01
7.6963e+00 1.4024e-01
7.6997e+00 1.4077e-01
7.7030e+00 1.4290e-01
7.7063e+00 1.4812e-01
7.7097e+00 1.5445e-01
7.7130e+00 1.5945e-01
7.7163e+00 1.6408e-01
7.7197e+00 1.7284e-01
7.7230e+00 1.8929e-01
7.7263e+00 2.1127e-01
7.7297e+00 2.3991e-01
7.7330e+00 2.7987e-01
7.7363e+00 3.3321e-01
7.7397e+00 3.9574e-01
7.7430e+00 4.5889e-01
7.7463e+00 5.1282e-01
7.7497e+00 5.4365e-01
7.7530e+00 5.4508e-01
7.7563e+00 5.1593e-01
7.7597e+00 4.6146e-01
7.7630e+00 3.9934e-01
7.7663e+00 3.4080e-01
7.7697e+00 2.8932e-01
7.7730e+00 2.4794e-01
7.7763e+00 2.1931e-01
7.7797e+00 1.9959e-01
7.7830e+00 1.8560e-01
7.7863e+00 1.7805e-01
7.7897e+00 1.7481e-01
7.7930e+00 1.7071e-01
7.7963e+00 1.6619e-01
7.7997e+00 1.6387e-01
7.8030e+00 1.6242e-01
7.8063e+00 1.5953e-01
7.8097e+00 1.5507e-01
7.8130e+00 1.5050e-01
7.8163e+00 1.4740e-01
7.8197e+00 1.4630e-01
7.8230e+00 1.4895e-01
7.8263e+00 1.5385e-01
7.8297e+00 1.5600e-01
7.8330e+00 1.5323e-01
7.8363e+00 1.4804e-01
7.8397e+00 1.4615e-01
7.8430e+00 1.4826e-01
7.8463e+00 1.5181e-01
7.8497e+00 1.5466e-01
7.8530e+00 1.5479e-01
7.8563e+00 1.5587e-01
7.8597e+00 1.5382e-01
7.8630e+00 1.5112e-01
7.8663e+00 1.5131e-01
7.8697e+00 1.5436e-01
7.8730e+00 1.5809e-01
7.8763e+00 1.6118e-01
7.8797e+00 1.6239e-01
7.8830e+00 1.6242e-01
7.8863e+00 1.6445e-01
7.8897e+00 1.6645e-01
7.8930e+00 1.6624e-01
7.8963e+00 1.6291e-01
7.8997e+00 1.5907e-01
7.9030e+00 1.5916e-01
7.9063e+00 1.6078e-01
7.9097e+00 1.5821e-01
7.9130e+00 1.5314e-01
7.9163e+00 1.5238e-01
7.9197e+00 1.5657e-01
7.9230e+00 1.5949e-01
7.9263e+00 1.5971e-01
7.9297e+00 1.5963e-01
7.9330e+00 1.6139e-01
7.9363e+00 1.6774e-01
7.9397e+00 1.7973e-01
7.9430e+00 1.9660e-01
7.9463e+00 2.1964e-01
7.9497e+00 2.5295e-01
7.9530e+00 3.0069e-01
7.9563e+00 3.7110e-01
7.9597e+00 4.7862e-01
7.9630e+00 6.2741e-01
7.9663e+00 8.0924e-01
7.9697e+00 1.0145e+00
7.9730e+00 1.2248e+00
7.9763e+00 1.4093e+00
7.9797e+00 1.5218e+00
7.9830e+00 1.5301e+00
7.9863e+00 1.4355e+00
7.9897e+00 1.2713e+00
7.9930e+00 1.0826e+00
7.9963e+00 9.0297e-01
7.9997e+00 7.5213e-01
8.0030e+00 6.3903e-01
8.0063e+00 5.6138e-01
8.0097e+00 5.0682e-01
8.0130e+00 4.6494e-01
8.0163e+00 4.2226e-01
8.0197e+00 3.7120e-01
8.0230e+00 3.1927e-01
8.0263e+00 2.7498e-01
8.0297e+00 2.3891e-01
8.0330e+00 2.1072e-01
8.0363e+00 1.9071e-01
8.0397e+00 1.7695e-01
8.0430e+00 1.6705e-01
8.0463e+00 1.5957e-01
8.0497e+00 1.5425e-01
8.0530e+00 1.5169e-01
8.0563e+00 1.5219e-01
8.0597e+00 1.5422e-01
8.0630e+00 1.5444e-01
8.0663e+00 1.5055e-01
8.0697e+00 1.4683e-01
8.0730e+00 1.4480e-01
8.0764e+00 1.4476e-01
8.0797e+00 1.4577e-01
8.0830e+00 1.4581e-01
8.0864e+00 1.4568e-01
8.0897e+00 1.4633e-01
8.0930e+00 1.4676e-01
8.0964e+00 1.4734e-01
8.0997e+00 1.4827e-01
8.1030e+00 1.5025e-01
8.1064e+00 1.5015e-01
8.1097e+00 1.4884e-01
8.1130e+00 1.4859e-01
8.1164e+00 1.5048e-01
8.1197e+00 1.5141e-01
8.1230e+00 1.5179e-01
8.1264e+00 1.5321e-01
8.1297e+00 1.5301e-01
8.1330e+00 1.4993e-01
8.1364e+00 1.4831e-01
8.1397e+00 1.4857e-01
8.1430e+00 1.4920e-01
8.1464e+00 1.4884e-01
8.1497e+00 1.4932e-01
8.1530e+00 1.5081e-01
8.1564e+00 1.5179e-01
8.1597e+00 1.5332e-01
8.1630e+00 1.5593e-01
8.1664e+00 1.5881e-01
8.1697e+00 1.6298e-01
8.1730e+00 1.7059e-01
8.1764e+00 1.7935e-01
8.1797e+00 1.8658e-01
8.1830e+00 1.8891e-01
8.1864e+00 1.8570e-01
8.1897e+00 1.8130e-01
8.1930e+00 1.7607e-01
8.1964e+00 1.7052e-01
8.1997e+00 1.6478e-01
8.2030e+00 1.6090e-01
8.2064e+00 1.5773e-01
8.2097e+00 1.5354e-01
8.2130e+00 1.4915e-01
8.2164e+00 1.4828e-01
8.2197e+00 1.4823e-01
8.2230e+00 1.4650e-01
8.2264e+00 1.4469e-01
8.2297e+00 1.4295e-01
8.2330e+00 1.4275e-01
8.2364e+00 1.4451e-01
8.2397e+00 1.4625e-01
8.2430e+00 1.5152e-01
8.2464e+00 1.5666e-01
8.2497e+00 1.5757e-01
8.2530e+00 1.5853e-01
8.2564e+00 1.6200e-01
8.2597e+00 1.6587e-01
8.2631e+00 1.7087e-01
8.2664e+00 1.7727e-01
8.2697e+00 1.8745e-01
8.2731e+00 2.0454e-01
8.2764e+00 2.3151e-01
8.2797e+00 2.6904e-01
8.2831e+00 3.2168e-01
8.2864e+00 3.9453e-01
8.2897e+00 4.9075e-01
8.2931e+00 6.0813e-01
8.2964e+00 7.4016e-01
8.2997e+00 8.7435e-01
8.3031e+00 9.8738e-01
8.3064e+00 1.0495e+00
8.3097e+00 1.0413e+00
8.3131e+00 9.6710e-01
8.3164e+00 8.4772e-01
8.3197e+00 7.0707e-01
8.3231e+00 5.6639e-01
8.3264e+00 4.4604e-01
8.3297e+00 3.5247e-01
8.3331e+00 2.8524e-01
8.3364e+00 2.3930e-01
8.3397e+00 2.1059e-01
8.3431e+00 1.9259e-01
8.3464e+00 1.7810e-01
8.3497e+00 1.6747e-01
8.3531e+00 1.6171e-01
8.3564e+00 1.5930e-01
8.3597e+00 1.5599e-01
8.3631e+00 1.5103e-01
8.3664e+00 1.4888e-01
8.3697e+00 1.5123e-01
8.3731e+00 1.5544e-01
8.3764e+00 1.5550e-01
8.3798e+00 1.4924e-01
8.3831e+00 1.4278e-01
8.3864e+00 1.4085e-01
8.3898e+00 1.4278e-01
8.3931e+00 1.4423e-01
8.3964e+00 1.4335e-01
8.3998e+00 1.4424e-01
8.4031e+00 1.4666e-01
8.4064e+00 1.4660e-01
8.4098e+00 1.4524e-01
8.4131e+00 1.4649e-01
8.4164e+00 1.4748e-01
8.4198e+00 1.4541e-01
8.4231e+00 1.4242e-01
8.4264e+00 1.3983e-01
8.4298e+00 1.4012e-01
8.4331e+00 1.4239e-01
8.4364e+00 1.4423e-01
8.4398e+00 1.4405e-01
8.4431e+00 1.4255e-01
8.4464e+00 1.4125e-01
8.4498e+00 1.4390e-01
8.4531e+00 1.4665e-01
8.4564e+00 1.4603e-01
8.4598e+00 1.4422e-01
8.4631e+00 1.4344e-01
8.4664e+00 1.4423e-01
8.4698e+00 1.4720e-01
8.4731e+00 1.4953e-01
8.4765e+00 1.5326e-01
8.4798e+00 1.5801e-01
8.4831e+00 1.6193e-01
8.4865e+00 1.6435e-01
8.4898e+00 1.6881e-01
8.4931e+00 1.7777e-01
8.4965e+00 1.9346e-01
8.4998e+00 2.1590e-01
8.5031e+00 2.4752e-01
8.5065e+00 2.8833e-01
8.5098e+00 3.3713e-01
8.5131e+00 3.8965e-01
8.5165e+00 4.3847e-01
8.5198e+00 4.7209e-01
8.5231e+00 4.8174e-01
8.5265e+00 4.6491e-01
8.5298e+00 4.2564e-01
8.5331e+00 3.7653e-01
8.5365e+00 3.2718e-01
8.5398e+00 2.8155e-01
8.5431e+00 2.4207e-01
8.5465e+00 2.1117e-01
8.5498e+00 1.9094e-01
8.5531e+00 1.7801e-01
8.5565e+00 1.6903e-01
8.5598e+00 1.6050e-01
8.5632e+00 1.5226e-01
8.5665e+00 1.4849e-01
8.5698e+00 1.4683e-01
8.5732e+00 1.4580e-01
8.5765e+00 1.4687e-01
8.5798e+00 1.5012e-01
8.5832e+00 1.5245e-01
8.5865e+00 1.5335e-01
8.5898e+00 1.5710e-01
8.5932e+00 1.6629e-01
8.5965e+00 1.8191e-01
8.5998e+00 2.0004e-01
8.6032e+00 2.1776e-01
8.6065e+00 2.3631e-01
8.6098e+00 2.5379e-01
8.6132e+00 2.6416e-01
8.6165e+00 2.6606e-01
8.6198e+00 2.5880e-01
8.6232e+00 2.4669e-01
8.6265e+00 2.3328e-01
8.6298e+00 2.1708e-01
8.6332e+00 2.0098e-01
8.6365e+00 1.8741e-01
8.6399e+00 1.7901e-01
8.6432e+00 1.7347e-01
8.6465e+00 1.6881e-01
8.6499e+00 1.6226e-01
8.6532e+00 1.5603e-01
8.6565e+00 1.5440e-01
8.6599e+00 1.5492e-01
8.6632e+00 1.5340e-01
8.6665e+00 1.5274e-01
8.6699e+00 1.5658e-01
8.6732e+00 1.5995e-01
8.6765e+00 1.5889e-01
8.6799e+00 1.5871e-01
8.6832e+00 1.5748e-01
8.6865e+00 1.5240e-01
8.6899e+00 1.4808e-01
8.6932e+00 1.4605e-01
8.6965e+00 1.4579e-01
8.6999e+00 1.4638e-01
8.7032e+00 1.4762e-01
8.7066e+00 1.4910e-01
8.7099e+00 1.5107e-01
8.7132e+00 1.5308e-01
8.7166e+00 1.5305e-01
8.7199e+00 1.5293e-01
8.7232e+00 1.5449e-01
8.7266e+00 1.5709e-01
8.7299e+00 1.5740e-01
8.7332e+00 1.5539e-01
8.7366e+00 1.5191e-01
8.7399e+00 1.5173e-01
8.7432e+00 1.5635e-01
8.7466e+00 1.6384e-01
8.7499e+00 1.7333e-01
8.7532e+00 1.8681e-01
8.7566e+00 2.0438e-01
8.7599e+00 2.2898e-01
8.7633e+00 2.6347e-01
8.7666e+00 3.0866e-01
8.7699e+00 3.6594e-01
8.7733e+00 4.3621e-01
8.7766e+00 5.1296e-01
8.7799e+00 5.8942e-01
8.7833e+00 6.6813e-01
8.7866e+00 7.4092e-01
8.7899e+00 7.9450e-01
8.7933e+00 8.1358e-01
8.7966e+00 7.9547e-01
8.7999e+00 7.4230e-01
8.8033e+00 6.6023e-01
8.8066e+00 5.6123e-01
8.8099e+00 4.6263e-01
8.8133e+00 3.7935e-01
8.8166e+00 3.1462e-01
8.8200e+00 2.6557e-01
8.8233e+00 2.2846e-01
8.8266e+00 2.0031e-01
8.8300e+00 1.8244e-01
8.8333e+00 1.7080e-01
8.8366e+00 1.6483e-01
8.8400e+00 1.6281e-01
8.8433e+00 1.5991e-01
8.8466e+00 1.5718e-01
8.8500e+00 1.5711e-01
8.8533e+00 1.5770e-01
8.8566e+00 1.5801e-01
8.8600e+00 1.5752e-01
8.8633e+00 1.5556e-01
8.8666e+00 1.5261e-01
8.8700e+00 1.4878e-01
8.8733e+00 1.4467e-01
8.8767e+00 1.4477e-01
8.8800e+00 1.4749e-01
8.8833e+00 1.4891e-01
8.8867e+00 1.5039e-01
8.8900e+00 1.5281e-01
8.8933e+00 1.5498e-01
8.8967e+00 1.5572e-01
8.9000e+00 1.5518e-01
8.9033e+00 1.5504e-01
8.9067e+00 1.5717e-01
8.9100e+00 1.5864e-01
8.9133e+00 1.5857e-01
8.9167e+00 1.5715e-01
8.9200e+00 1.5504e-01
8.9234e+00 1.5364e-01
8.9267e+00 1.5376e-01
8.9300e+00 1.5477e-01
8.9334e+00 1.5605e-01
8.9367e+00 1.5478e-01
8.9400e+00 1.5255e-01
8.9434e+00 1.5358e-01
8.9467e+00 1.5853e-01
8.9500e+00 1.6176e-01
8.9534e+00 1.6340e-01
8.9567e+00 1.6538e-01
8.9600e+00 1.7117e-01
8.9634e+00 1.8331e-01
8.9667e+00 2.0254e-01
8.9700e+00 2.2966e-01
8.9734e+00 2.6503e-01
8.9767e+00 3.1169e-01
8.9801e+00 3.7491e-01
8.9834e+00 4.5983e-01
8.9867e+00 5.6136e-01
8.9901e+00 6.6808e-01
8.9934e+00 7.6357e-01
8.9967e+00 8.3151e-01
9.0001e+00 8.5379e-01
9.0034e+00 8.2469e-01
9.0067e+00 7.5130e-01
9.0101e+00 6.5228e-01
9.0134e+00 5.4357e-01
9.0168e+00 4.4237e-01
9.0201e+00 3.5861e-01
9.0234e+00 2.9503e-01
9.0268e+00 2.5023e-01
9.0301e+00 2.1910e-01
9.0334e+00 1.9701e-01
9.0368e+00 1.8184e-01
9.0401e+00 1.7380e-01
9.0434e+00 1.6903e-01
9.0468e+00 1.6469e-01
9.0501e+00 1.5979e-01
9.0534e+00 1.5622e-01
9.0568e+00 1.5489e-01
9.0601e+00 1.5496e-01
9.0635e+00 1.5607e-01
9.0668e+00 1.5662e-01
9.0701e+00 1.5544e-01
9.0735e+00 1.5547e-01
9.0768e+00 1.5637e-01
9.0801e+00 1.5766e-01
9.0835e+00 1.5809e-01
9.0868e+00 1.5830e-01
9.0901e+00 1.5844e-01
9.0935e+00 1.5739e-01
9.0968e+00 1.5390e-01
9.1001e+00 1.5091e-01
9.1035e+00 1.5016e-01
9.1068e+00 1.5309e-01
9.1102e+00 1.5818e-01
9.1135e+00 1.6221e-01
9.1168e+00 1.6715e-01
9.1202e+00 1.7422e-01
9.1235e+00 1.8111e-01
9.1268e+00 1.8832e-01
9.1302e+00 2.0084e-01
9.1335e+00 2.1995e-01
9.1368e+00 2.4876e-01
9.1402e+00 2.8739e-01
9.1435e+00 3.3871e-01
9.1469e+00 4.1315e-01
9.1502e+00 5.1903e-01
9.1535e+00 6.5543e-01
9.1569e+00 8.0682e-01
9.1602e+00 9.5987e-01
9.1635e+00 1.0982e+00
9.1669e+00 1.1968e+00
9.1702e+00 1.2247e+00
9.1735e+00 1.1689e+00
9.1769e+00 1.0540e+00
9.1802e+00 9.0423e-01
9.1835e+00 7.4291e-01
9.1869e+00 5.9058e-01
9.1902e+00 4.6459e-01
9.1936e+00 3.6762e-01
9.1969e+00 3.0032e-01
9.2002e+00 2.5505e-01
9.2036e+00 2.2428e-01
9.2069e+00 2.0260e-01
9.2102e+00 1.8980e-01
9.2136e+00 1.8270e-01
9.2169e+00 1.7736e-01
9.2202e+00 1.7122e-01
9.2236e+00 1.6406e-01
9.2269e+00 1.5793e-01
9.2303e+00 1.5480e-01
9.2336e+00 1.5258e-01
9.2369e+00 1.5401e-01
9.2403e+00 1.5718e-01
9.2436e+00 1.5941e-01
9.2469e+00 1.5983e-01
9.2503e+00 1.5822e-01
9.2536e+00 1.5501e-01
9.2569e+00 1.5582e-01
9.2603e+00 1.5898e-01
9.2636e+00 1.5950e-01
9.2670e+00 1.5757e-01
9.2703e+00 1.5655e-01
9.2736e+00 1.5520e-01
9.2770e+00 1.5261e-01
9.2803e+00 1.5161e-01
9.2836e+00 1.5359e-01
9.2870e+00 1.5550e-01
9.2903e+00 1.5811e-01
9.2936e+00 1.6090e-01
9.2970e+00 1.6140e-01
9.3003e+00 1.6034e-01
9.3037e+00 1.5837e-01
9.3070e+00 1.5713e-01
9.3103e+00 1.5839e-01
9.3137e+00 1.6051e-01
9.3170e+00 1.6168e-01
9.3203e+00 1.6262e-01
9.3237e+00 1.6442e-01
9.3270e+00 1.6571e-01
9.3303e+00 1.6607e-01
9.3337e+00 1.6650e-01
9.3370e+00 1.6870e-01
9.3404e+00 1.7230e-01
9.3437e+00 1.7652e-01
9.3470e+00 1.7684e-01
9.3504e+00 1.7188e-01
9.3537e+00 1.6681e-01
9.3570e+00 1.6373e-01
9.3604e+00 1.6205e-01
9.3637e+00 1.6173e-01
9.3671e+00 1.5993e-01
9.3704e+00 1.5548e-01
9.3737e+00 1.5147e-01
9.3771e+00 1.5019e-01
9.3804e+00 1.5160e-01
9.3837e+00 1.5170e-01
9.3871e+00 1.4837e-01
9.3904e+00 1.4718e-01
9.3937e+00 1.4840e-01
9.3971e+00 1.4925e-01
9.4004e+00 1.5010e-01
9.4038e+00 1.5067e-01
9.4071e+00 1.5167e-01
9.4104e+00 1.5121e-01
9.4138e+00 1.5014e-01
9.4171e+00 1.5201e-01
9.4204e+00 1.5683e-01
9.4238e+00 1.6028e-01
9.4271e+00 1.6218e-01
9.4304e+00 1.6439e-01
9.4338e+00 1.6822e-01
9.4371e+00 1.7430e-01
9.4405e+00 1.8164e-01
9.4438e+00 1.9164e-01
9.4471e+00 2.0740e-01
9.4505e+00 2.3208e-01
9.4538e+00 2.7051e-01
9.4571e+00 3.2367e-01
9.4605e+00 3.9646e-01
9.4638e+00 4.9383e-01
9.4672e+00 6.1832e-01
9.4705e+00 7.6422e-01
9.4738e+00 9.1820e-01
9.4772e+00 1.0541e+00
9.4805e+00 1.1407e+00
9.4838e+00 1.1622e+00
9.4872e+00 1.1074e+00
9.4905e+00 9.9245e-01
9.4938e+00 8.4625e-01
9.4972e+00 6.9881e-01
9.5005e+00 5.6633e-01
9.5039e+00 4.5291e-01
9.5072e+00 3.6341e-01
9.5105e+00 2.9867e-01
9.5139e+00 2.5279e-01
9.5172e+00 2.2288e-01
9.5205e+00 2.0555e-01
9.5239e+00 1.9392e-01
9.5272e+00 1.8504e-01
9.5306e+00 1.7891e-01
9.5339e+00 1.7464e-01
9.5372e+00 1.7216e-01
9.5406e+00 1.7074e-01
9.5439e+00 1.7137e-01
9.5472e+00 1.7456e-01
9.5506e+00 1.7736e-01
9.5539e+00 1.7756e-01
9.5573e+00 1.7684e-01
9.5606e+00 1.8164e-01
9.5639e+00 1.8871e-01
9.5673e+00 1.9476e-01
9.5706e+00 1.9906e-01
9.5739e+00 2.0150e-01
9.5773e+00 2.0296e-01
9.5806e+00 2.0632e-01
9.5839e+00 2.0976e-01
9.5873e+00 2.1223e-01
9.5906e+00 2.1369e-01
9.5940e+00 2.1079e-01
9.5973e+00 2.0582e-01
9.6006e+00 2.0275e-01
9.6040e+00 1.9892e-01
9.6073e+00 1.9379e-01
9.6106e+00 1.8798e-01
9.6140e+00 1.8439e-01
9.6173e+00 1.8127e-01
9.6207e+00 1.7491e-01
9.6240e+00 1.6636e-01
9.6273e+00 1.5936e-01
9.6307e+00 1.5768e-01
9.6340e+00 1.6019e-01
9.6373e+00 1.6456e-01
9.6407e+00 1.6632e-01
9.6440e+00 1.6652e-01
9.6474e+00 1.6611e-01
9.6507e+00 1.6284e-01
9.6540e+00 1.5863e-01
9.6574e+00 1.5908e-01
9.6607e+00 1.6223e-01
9.6640e+00 1.6529e-01
9.6674e+00 1.6817e-01
9.6707e+00 1.7116e-01
9.6741e+00 1.7327e-01
9.6774e+00 1.7635e-01
9.6807e+00 1.8144e-01
9.6841e+00 1.8418e-01
9.6874e+00 1.8407e-01
9.6907e+00 1.8621e-01
9.6941e+00 1.9487e-01
9.6974e+00 2.0957e-01
9.7008e+00 2.2425e-01
9.7041e+00 2.3678e-01
9.7074e+00 2.4690e-01
9.7108e+00 2.5421e-01
9.7141e+00 2.5685e-01
9.7174e+00 2.5394e-01
9.7208e+00 2.4787e-01
9.7241e+00 2.4184e-01
9.7275e+00 2.3409e-01
9.7308e+00 2.2082e-01
9.7341e+00 2.0501e-01
9.7375e+00 1.9230e-01
9.7408e+00 1.8580e-01
9.7441e+00 1.8385e-01
9.7475e+00 1.8129e-01
9.7508e+00 1.7533e-01
9.7542e+00 1.7071e-01
9.7575e+00 1.6888e-01
9.7608e+00 1.6911e-01
9.7642e+00 1.6944e-01
9.7675e+00 1.7072e-01
9.7708e+00 1.7205e-01
9.7742e+00 1.7044e-01
9.7775e+00 1.6551e-01
9.7809e+00 1.6106e-01
9.7842e+00 1.5984e-01
9.7875e+00 1.6144e-01
9.7909e+00 1.6433e-01
9.7942e+00 1.6408e-01
9.7975e+00 1.6064e-01
9.8009e+00 1.5497e-01
9.8042e+00 1.5315e-01
9.8076e+00 1.5667e-01
9.8109e+00 1.6208e-01
9.8142e+00 1.6449e-01
9.8176e+00 1.6409e-01
9.8209e+00 1.6337e-01
9.8242e+00 1.6436e-01
9.8276e+00 1.6547e-01
9.8309e+00 1.6629e-01
9.8343e+00 1.6576e-01
9.8376e+00 1.6514e-01
9.8409e+00 1.6568e-01
9.8443e+00 1.6562e-01
9.8476e+00 1.6508e-01
9.8509e+00 1.6521e-01
9.8543e+00 1.6552e-01
9.8576e+00 1.6502e-01
9.8610e+00 1.6786e-01
9.8643e+00 1.7375e-01
9.8676e+00 1.8101e-01
9.8710e+00 1.9015e-01
9.8743e+00 1.9986e-01
9.8776e+00 2.1213e-01
9.8810e+00 2.3489e-01
9.8843e+00 2.7474e-01
9.8877e+00 3.3285e-01
9.8910e+00 4.0977e-01
9.8943e+00 5.0874e-01
9.8977e+00 6.2987e-01
9.9010e+00 7.6679e-01
9.9044e+00 9.0703e-01
9.9077e+00 1.0329e+00
9.9110e+00 1.1196e+00
9.9144e+00 1.1426e+00
9.9177e+00 1.0999e+00
9.9210e+00 1.0020e+00
9.9244e+00 8.7321e-01
9.9277e+00 7.3582e-01
9.9311e+00 6.0322e-01
9.9344e+00 4.8519e-01
9.9377e+00 3.8922e-01
9.9411e+00 3.1924e-01
9.9444e+00 2.7075e-01
9.9477e+00 2.3502e-01
9.9511e+00 2.0856e-01
9.9544e+00 1.9177e-01
9.9578e+00 1.8394e-01
9.9611e+00 1.7816e-01
9.9644e+00 1.7516e-01
9.9678e+00 1.7654e-01
9.9711e+00 1.7901e-01
9.9744e+00 1.8011e-01
9.9778e+00 1.7895e-01
9.9811e+00 1.7905e-01
9.9845e+00 1.7988e-01
9.9878e+00 1.7741e-01
9.9911e+00 1.7431e-01
9.9945e+00 1.7456e-01
9.9978e+00 1.7696e-01
1.0001e+01 1.7727e-01
1.0004e+01 1.7491e-01
1.0008e+01 1.7032e-01
1.0011e+01 1.7034e-01
1.0015e+01 1.7754e-01
1.0018e+01 1.8693e-01
1.0021e+01 1.9456e-01
1.0025e+01 2.0042e-01
1.0028e+01 2.0854e-01
1.0031e+01 2.1807e-01
1.0035e+01 2.3214e-01
1.0038e+01 2.5462e-01
1.0041e+01 2.7556e-01
1.0045e+01 2.9271e-01
1.0048e+01 3.0949e-01
1.0051e+01 3.2897e-01
1.0055e+01 3.5386e-01
1.0058e+01 3.8421e-01
1.0061e+01 4.1537e-01
1.0065e+01 4.4126e-01
1.0068e+01 4.4966e-01
1.0071e+01 4.3927e-01
1.0075e+01 4.1457e-01
1.0078e+01 3.7966e-01
1.0081e+01 3.3949e-01
1.0085e+01 3.0366e-01
1.0088e+01 2.7062e-01
1.0091e+01 2.4136e-01
1.0095e+01 2.1844e-01
1.0098e+01 2.0179e-01
1.0101e+01 1.9234e-01
1.0105e+01 1.8736e-01
1.0108e+01 1.8206e-01
1.0111e+01 1.7368e-01
1.0115e+01 1.6527e-01
1.0118e+01 1.5979e-01
1.0121e+01 1.5686e-01
1.0125e+01 1.5570e-01
1.0128e+01 1.5431e-01
1.0131e+01 1.5390e-01
1.0135e+01 1.5694e-01
1.0138e+01 1.5939e-01
1.0141e+01 1.5864e-01
1.0145e+01 1.5924e-01
1.0148e+01 1.6090e-01
1.0151e+01 1.6105e-01
1.0155e+01 1.6151e-01
1.0158e+01 1.6327e-01
1.0161e+01 1.6737e-01
1.0165e+01 1.7068e-01
1.0168e+01 1.6740e-01
1.0171e+01 1.5806e-01
1.0175e+01 1.5179e-01
1.0178e+01 1.5288e-01
1.0181e+01 1.5518e-01
1.0185e+01 1.5536e-01
1.0188e+01 1.5241e-01
1.0191e+01 1.4885e-01
1.0195e+01 1.4615e-01
1.0198e+01 1.4532e-01
1.0201e+01 1.4643e-01
1.0205e+01 1.5005e-01
1.0208e+01 1.5283e-01
1.0211e+01 1.5233e-01
1.0215e+01 1.4954e-01
1.0218e+01 1.4684e-01
1.0221e+01 1.4704e-01
1.0225e+01 1.4625e-01
1.0228e+01 1.4711e-01
1.0232e+01 1.5019e-01
1.0235e+01 1.5048e-01
1.0238e+01 1.4716e-01
1.0242e+01 1.4618e-01
1.0245e+01 1.4934e-01
1.0248e+01 1.5455e-01
1.0252e+01 1.5738e-01
1.0255e+01 1.5456e-01
1.0258e+01 1.5109e-01
1.0262e+01 1.5032e-01
1.0265e+01 1.5336e-01
1.0268e+01 1.5574e-01
1.0272e+01 1.5686e-01
1.0275e+01 1.5526e-01
1.0278e+01 1.4955e-01
1.0282e+01 1.4507e-01
1.0285e+01 1.4489e-01
1.0288e+01 1.4333e-01
1.0292e+01 1.4405e-01
1.0295e+01 1.4965e-01
1.0298e+01 1.5387e-01
1.0302e+01 1.5328e-01
1.0305e+01 1.5017e-01
1.0308e+01 1.4621e-01
1.0312e+01 1.4577e-01
1.0315e+01 1.5016e-01
1.0318e+01 1.5328e-01
1.0322e+01 1.5056e-01
1.0325e+01 1.4814e-01
1.0328e+01 1.4790e-01
1.0332e+01 1.5005e-01
1.0335e+01 1.5161e-01
1.0338e+01 1.5428e-01
1.0342e+01 1.5654e-01
1.0345e+01 1.5816e-01
1.0348e+01 1.5778e-01
1.0352e+01 1.5370e-01
1.0355e+01 1.5241e-01
1.0358e+01 1.5398e-01
1.0362e+01 1.5548e-01
1.0365e+01 1.5592e-01
1.0368e+01 1.5266e-01
1.0372e+01 1.5050e-01
1.0375e+01 1.4983e-01
1.0378e+01 1.4678e-01
1.0382e+01 1.4216e-01
1.0385e+01 1.4168e-01
1.0388e+01 1.4446e-01
1.0392e+01 1.4787e-01
1.0395e+01 1.5196e-01
1.0398e+01 1.5543e-01
1.0402e+01 1.5288e-01
1.0405e+01 1.4947e-01
1.0408e+01 1.5047e-01
1.0412e+01 1.4849e-01
1.0415e+01 1.4309e-01
1.0418e+01 1.4258e-01
1.0422e+01 1.4550e-01
1.0425e+01 1.4620e-01
1.0429e+01 1.4556e-01
1.0432e+01 1.4734e-01
1.0435e+01 1.5122e-01
1.0439e+01 1.4958e-01
1.0442e+01 1.4371e-01
1.0445e+01 1.4481e-01
1.0449e+01 1.5155e-01
1.0452e+01 1.5940e-01
1.0455e+01 1.6312e-01
1.0459e+01 1.6156e-01
1.0462e+01 1.5663e-01
1.0465e+01 1.5254e-01
1.0469e+01 1.5343e-01
1.0472e+01 1.5227e-01
1.0475e+01 1.4558e-01
1.0479e+01 1.4147e-01
1.0482e+01 1.4328e-01
1.0485e+01 1.4634e-01
1.0489e+01 1.5110e-01
1.0492e+01 1.5554e-01
1.0495e+01 1.5748e-01
1.0499e+01 1.5657e-01
1.0502e+01 1.5271e-01
1.0505e+01 1.5019e-01
1.0509e+01 1.5314e-01
1.0512e+01 1.5582e-01
1.0515e+01 1.5497e-01
1.0519e+01 1.5465e-01
1.0522e+01 1.5416e-01
1.0525e+01 1.5133e-01
1.0529e+01 1.5061e-01
1.0532e+01 1.5468e-01
1.0535e+01 1.6174e-01
1.0539e+01 1.6686e-01
1.0542e+01 1.7170e-01
1.0545e+01 1.8190e-01
1.0549e+01 1.9276e-01
1.0552e+01 2.0516e-01
1.0555e+01 2.2290e-01
1.0559e+01 2.4748e-01
1.0562e+01 2.8419e-01
1.0565e+01 3.3141e-01
1.0569e+01 3.8176e-01
1.0572e+01 4.2250e-01
1.0575e+01 4.5426e-01
1.0579e+01 4.7532e-01
1.0582e+01 4.8013e-01
1.0585e+01 4.6855e-01
1.0589e+01 4.4278e-01
1.0592e+01 4.0599e-01
1.0595e+01 3.6190e-01
1.0599e+01 3.1383e-01
1.0602e+01 2.6962e-01
1.0606e+01 2.3512e-01
1.0609e+01 2.1170e-01
1.0612e+01 1.9718e-01
1.0616e+01 1.8470e-01
1.0619e+01 1.6974e-01
1.0622e+01 1.5918e-01
1.0626e+01 1.5862e-01
1.0629e+01 1.6250e-01
1.0632e+01 1.6599e-01
1.0636e+01 1.6475e-01
1.0639e+01 1.5898e-01
1.0642e+01 1.5203e-01
1.0646e+01 1.4837e-01
1.0649e+01 1.4918e-01
1.0652e+01 1.5054e-01
1.0656e+01 1.5214e-01
1.0659e+01 1.5205e-01
1.0662e+01 1.5190e-01
1.0666e+01 1.5408e-01
1.0669e+01 1.5607e-01
1.0672e+01 1.5400e-01
1.0676e+01 1.4761e-01
1.0679e+01 1.4446e-01
1.0682e+01 1.4670e-01
1.0686e+01 1.5398e-01
1.0689e+01 1.6163e-01
1.0692e+01 1.6353e-01
1.0696e+01 1.6174e-01
1.0699e+01 1.5800e-01
1.0702e+01 1.5492e-01
1.0706e+01 1.5742e-01
1.0709e+01 1.6094e-01
1.0712e+01 1.5818e-01
1.0716e+01 1.5400e-01
1.0719e+01 1.5171e-01
1.0722e+01 1.5205e-01
1.0726e+01 1.5577e-01
1.0729e+01 1.5923e-01
1.0732e+01 1.5759e-01
1.0736e+01 1.5514e-01
1.0739e+01 1.5522e-01
1.0742e+01 1.6084e-01
1.0746e+01 1.6906e-01
1.0749e+01 1.7212e-01
1.0752e+01 1.7244e-01
1.0756e+01 1.7368e-01
1.0759e+01 1.7926e-01
1.0762e+01 1.8838e-01
1.0766e+01 2.0114e-01
1.0769e+01 2.1156e-01
1.0773e+01 2.1287e-01
1.0776e+01 2.0782e-01
1.0779e+01 2.0315e-01
1.0783e+01 2.0149e-01
1.0786e+01 2.0234e-01
1.0789e+01 2.0514e-01
1.0793e+01 2.0602e-01
1.0796e+01 2.0418e-01
1.0799e+01 2.0098e-01
1.0803e+01 2.0133e-01
1.0806e+01 2.0506e-01
1.0809e+01 2.0536e-01
1.0813e+01 1.9902e-01
1.0816e+01 1.9418e-01
1.0819e+01 1.8880e-01
1.0823e+01 1.8006e-01
1.0826e+01 1.7742e-01
1.0829e+01 1.8558e-01
1.0833e+01 1.8835e-01
1.0836e+01 1.8427e-01
1.0839e+01 1.8399e-01
1.0843e+01 1.9061e-01
1.0846e+01 1.9944e-01
1.0849e+01 2.0433e-01
1.0853e+01 2.0783e-01
1.0856e+01 2.1509e-01
1.0859e+01 2.2536e-01
1.0863e+01 2.4440e-01
1.0866e+01 2.7961e-01
1.0869e+01 3.3229e-01
1.0873e+01 3.9459e-01
1.0876e+01 4.6450e-01
1.0879e+01 5.4236e-01
1.0883e+01 6.2642e-01
1.0886e+01 7.1061e-01
1.0889e+01 7.8574e-01
1.0893e+01 8.3279e-01
1.0896e+01 8.4306e-01
1.0899e+01 8.2287e-01
1.0903e+01 7.7797e-01
1.0906e+01 7.1948e-01
1.0909e+01 6.6474e-01
1.0913e+01 6.1766e-01
1.0916e+01 5.8120e-01
1.0919e+01 5.5971e-01
1.0923e+01 5.4361e-01
1.0926e+01 5.3234e-01
1.0930e+01 5.2279e-01
1.0933e+01 5.0401e-01
1.0936e+01 4.7438e-01
1.0940e+01 4.3404e-01
1.0943e+01 3.9109e-01
1.0946e+01 3.5088e-01
1.0950e+01 3.1521e-01
1.0953e+01 2.9070e-01
1.0956e+01 2.7757e-01
1.0960e+01 2.7075e-01
1.0963e+01 2.6681e-01
1.0966e+01 2.6929e-01
1.0970e+01 2.8338e-01
1.0973e+01 3.2076e-01
1.0976e+01 3.8132e-01
1.0980e+01 4.5067e-01
1.0983e+01 5.1636e-01
1.0986e+01 5.7536e-01
1.0990e+01 6.2329e-01
1.0993e+01 6.5842e-01
1.0996e+01 6.8380e-01
1.1000e+01 6.8420e-01
1.1003e+01 6.5008e-01
1.1006e+01 5.9393e-01
1.1010e+01 5.2488e-01
1.1013e+01 4.5271e-01
1.1016e+01 3.8403e-01
1.1020e+01 3.2828e-01
1.1023e+01 2.9081e-01
1.1026e+01 2.6459e-01
1.1030e+01 2.4156e-01
1.1033e+01 2.2060e-01
1.1036e+01 2.0383e-01
1.1040e+01 1.9438e-01
1.1043e+01 1.8518e-01
1.1046e+01 1.8023e-01
1.1050e+01 1.8211e-01
1.1053e+01 1.8927e-01
1.1056e+01 1.9121e-01
1.1060e+01 1.8716e-01
1.1063e+01 1.7926e-01
1.1066e+01 1.6958e-01
1.1070e+01 1.5983e-01
1.1073e+01 1.5713e-01
1.1077e+01 1.6107e-01
1.1080e+01 1.6917e-01
1.1083e+01 1.7588e-01
1.1087e+01 1.7580e-01
1.1090e+01 1.6925e-01
1.1093e+01 1.7063e-01
1.1097e+01 1.8070e-01
1.1100e+01 1.8876e-01
1.1103e+01 1.8914e-01
1.1107e+01 1.8406e-01
1.1110e+01 1.8035e-01
1.1113e+01 1.8352e-01
1.1117e+01 1.9006e-01
1.1120e+01 1.8746e-01
1.1123e+01 1.8167e-01
1.1127e+01 1.8177e-01
1.1130e+01 1.7993e-01
1.1133e+01 1.7342e-01
1.1137e+01 1.7042e-01
1.1140e+01 1.7343e-01
1.1143e+01 1.7765e-01
1.1147e+01 1.7586e-01
1.1150e+01 1.7241e-01
1.1153e+01 1.6862e-01
1.1157e+01 1.7097e-01
1.1160e+01 1.7822e-01
1.1163e+01 1.7850e-01
1.1167e+01 1.7490e-01
1.1170e+01 1.7877e-01
1.1173e+01 1.8638e-01
1.1177e+01 1.8889e-01
1.1180e+01 1.8737e-01
1.1183e+01 1.8595e-01
1.1187e+01 1.8582e-01
1.1190e+01 1.8827e-01
1.1193e+01 1.9095e-01
1.1197e+01 1.9107e-01
1.1200e+01 1.8935e-01
1.1203e+01 1.8806e-01
1.1207e+01 1.8655e-01
1.1210e+01 1.8555e-01
1.1213e+01 1.9146e-01
1.1217e+01 2.0327e-01
1.1220e+01 2.1096e-01
1.1224e+01 2.1491e-01
1.1227e+01 2.2168e-01
1.1230e+01 2.3121e-01
1.1234e+01 2.3686e-01
1.1237e+01 2.3544e-01
1.1240e+01 2.2392e-01
1.1244e+01 2.0157e-01
