1.4991e+00 1.9785e-01
1.5032e+00 1.9571e-01
1.5074e+00 1.9151e-01
1.5116e+00 1.9419e-01
1.5157e+00 2.1183e-01
1.5199e+00 2.2384e-01
1.5240e+00 2.0789e-01
1.5282e+00 2.0945e-01
1.5324e+00 2.0994e-01
1.5365e+00 2.1234e-01
1.5407e+00 2.3500e-01
1.5448e+00 2.4100e-01
1.5490e+00 2.1674e-01
1.5531e+00 1.9740e-01
1.5573e+00 2.2189e-01
1.5615e+00 2.2158e-01
1.5656e+00 2.1159e-01
1.5698e+00 2.1877e-01
1.5739e+00 2.1542e-01
1.5781e+00 2.1557e-01
1.5823e+00 2.1280e-01
1.5864e+00 2.1201e-01
1.5906e+00 2.1398e-01
1.5947e+00 2.1637e-01
1.5989e+00 2.2155e-01
1.6030e+00 2.3450e-01
1.6072e+00 2.3345e-01
1.6114e+00 2.2292e-01
1.6155e+00 2.2950e-01
1.6197e+00 2.1977e-01
1.6238e+00 2.0623e-01
1.6280e+00 2.0200e-01
1.6322e+00 2.0053e-01
1.6363e+00 2.1404e-01
1.6405e+00 2.1872e-01
1.6446e+00 2.4019e-01
1.6488e+00 2.4012e-01
1.6530e+00 2.3575e-01
1.6571e+00 2.4426e-01
1.6613e+00 2.5944e-01
1.6654e+00 2.6496e-01
1.6696e+00 2.7271e-01
1.6737e+00 2.5546e-01
1.6779e+00 2.4321e-01
1.6821e+00 2.5470e-01
1.6862e+00 2.7270e-01
1.6904e+00 2.5822e-01
1.6945e+00 2.4879e-01
1.6987e+00 2.5691e-01
1.7029e+00 2.5056e-01
1.7070e+00 2.6092e-01
1.7112e+00 2.7692e-01
1.7153e+00 2.8155e-01
1.7195e+00 2.6788e-01
1.7236e+00 2.5806e-01
1.7278e+00 2.7589e-01
1.7320e+00 2.8174e-01
1.7361e+00 2.8411e-01
1.7403e+00 2.8268e-01
1.7444e+00 2.9114e-01
1.7486e+00 2.9902e-01
1.7528e+00 2.9705e-01
1.7569e+00 3.0335e-01
1.7611e+00 3.3128e-01
1.7652e+00 3.3385e-01
1.7694e+00 3.2326e-01
1.7736e+00 3.1502e-01
1.7777e+00 2.9988e-01
1.7819e+00 2.9786e-01
1.7860e+00 3.0289e-01
1.7902e+00 3.1631e-01
1.7943e+00 3.4616e-01
1.7985e+00 3.2821e-01
1.8027e+00 3.2263e-01
1.8068e+00 3.1479e-01
1.8110e+00 3.0667e-01
1.8151e+00 3.1453e-01
1.8193e+00 3.3194e-01
1.8235e+00 3.5247e-01
1.8276e+00 3.6371e-01
1.8318e+00 3.6991e-01
1.8359e+00 3.6002e-01
1.8401e+00 3.6532e-01
1.8443e+00 3.7336e-01
1.8484e+00 3.5980e-01
1.8526e+00 3.5674e-01
1.8567e+00 3.6365e-01
1.8609e+00 3.6405e-01
1.8650e+00 3.8715e-01
1.8692e+00 4.1181e-01
1.8734e+00 4.1448e-01
1.8775e+00 4.0484e-01
1.8817e+00 4.0554e-01
1.8858e+00 4.0195e-01
1.8900e+00 4.0368e-01
1.8942e+00 4.2427e-01
1.8983e+00 4.4729e-01
1.9025e+00 4.5890e-01
1.9066e+00 4.4813e-01
1.9108e+00 4.4213e-01
1.9150e+00 4.4043e-01
1.9191e+00 4.5383e-01
1.9233e+00 4.7168e-01
1.9274e+00 4.8395e-01
1.9316e+00 4.8001e-01
1.9357e+00 4.7629e-01
1.9399e+00 4.7220e-01
1.9441e+00 4.7420e-01
1.9482e+00 4.8248e-01
1.9524e+00 4.8337e-01
1.9565e+00 4.8617e-01
1.9607e+00 4.6900e-01
1.9649e+00 4.8918e-01
1.9690e+00 5.0234e-01
1.9732e+00 5.0757e-01
1.9773e+00 5.1956e-01
1.9815e+00 5.2672e-01
1.9857e+00 5.1754e-01
1.9898e+00 5.0751e-01
1.9940e+00 5.1074e-01
1.9981e+00 5.1041e-01
2.0023e+00 5.2496e-01
2.0064e+00 5.4440e-01
2.0106e+00 5.5385e-01
2.0148e+00 5.4911e-01
2.0189e+00 5.4209e-01
2.0231e+00 5.4782e-01
2.0272e+00 5.6319e-01
2.0314e+00 5.7290e-01
2.0356e+00 5.7322e-01
2.0397e+00 5.8808e-01
2.0439e+00 6.0827e-01
2.0480e+00 5.9438e-01
2.0522e+00 5.8828e-01
2.0564e+00 5.9593e-01
2.0605e+00 6.0034e-01
2.0647e+00 5.9524e-01
2.0688e+00 6.2120e-01
2.0730e+00 6.3110e-01
2.0771e+00 6.3704e-01
2.0813e+00 6.3995e-01
2.0855e+00 6.5215e-01
2.0896e+00 6.5863e-01
2.0938e+00 6.6512e-01
2.0979e+00 6.6362e-01
2.1021e+00 6.6234e-01
2.1063e+00 6.6260e-01
2.1104e+00 6.7682e-01
2.1146e+00 6.8443e-01
2.1187e+00 6.8134e-01
2.1229e+00 6.8272e-01
2.1271e+00 6.9573e-01
2.1312e+00 6.9767e-01
2.1354e+00 6.9779e-01
2.1395e+00 7.1742e-01
2.1437e+00 7.2985e-01
2.1478e+00 7.3994e-01
2.1520e+00 7.3951e-01
2.1562e+00 7.4587e-01
2.1603e+00 7.5339e-01
2.1645e+00 7.4653e-01
2.1686e+00 7.3936e-01
2.1728e+00 7.5483e-01
2.1770e+00 7.8118e-01
2.1811e+00 7.9275e-01
2.1853e+00 7.8552e-01
2.1894e+00 7.8230e-01
2.1936e+00 8.0184e-01
2.1978e+00 8.2192e-01
2.2019e+00 8.1203e-01
2.2061e+00 8.1144e-01
2.2102e+00 8.2964e-01
2.2144e+00 8.3602e-01
2.2185e+00 8.4198e-01
2.2227e+00 8.5446e-01
2.2269e+00 8.4753e-01
2.2310e+00 8.3355e-01
2.2352e+00 8.4664e-01
2.2393e+00 8.6173e-01
2.2435e+00 8.7662e-01
2.2477e+00 8.7473e-01
2.2518e+00 8.6630e-01
2.2560e+00 8.6778e-01
2.2601e+00 8.7038e-01
2.2643e+00 8.6683e-01
2.2685e+00 8.7366e-01
2.2726e+00 8.8299e-01
2.2768e+00 8.9315e-01
2.2809e+00 8.9053e-01
2.2851e+00 9.0139e-01
2.2893e+00 9.0999e-01
2.2934e+00 9.1648e-01
2.2976e+00 9.1016e-01
2.3017e+00 9.1602e-01
2.3059e+00 9.3796e-01
2.3100e+00 9.6518e-01
2.3142e+00 9.7485e-01
2.3184e+00 9.7447e-01
2.3225e+00 9.7274e-01
2.3267e+00 9.6572e-01
2.3308e+00 9.6998e-01
2.3350e+00 9.6648e-01
2.3392e+00 9.7373e-01
2.3433e+00 9.8124e-01
2.3475e+00 9.9096e-01
2.3516e+00 1.0088e+00
2.3558e+00 1.0158e+00
2.3600e+00 1.0139e+00
2.3641e+00 1.0308e+00
2.3683e+00 1.0404e+00
2.3724e+00 1.0304e+00
2.3766e+00 1.0287e+00
2.3808e+00 1.0339e+00
2.3849e+00 1.0286e+00
2.3891e+00 1.0289e+00
2.3932e+00 1.0366e+00
2.3974e+00 1.0313e+00
2.4015e+00 1.0328e+00
2.4057e+00 1.0367e+00
2.4099e+00 1.0541e+00
2.4140e+00 1.0690e+00
2.4182e+00 1.0553e+00
2.4223e+00 1.0551e+00
2.4265e+00 1.0712e+00
2.4307e+00 1.0779e+00
2.4348e+00 1.0853e+00
2.4390e+00 1.0827e+00
2.4431e+00 1.0881e+00
2.4473e+00 1.0825e+00
2.4515e+00 1.0688e+00
2.4556e+00 1.0840e+00
2.4598e+00 1.0875e+00
2.4639e+00 1.0890e+00
2.4681e+00 1.0967e+00
2.4723e+00 1.0995e+00
2.4764e+00 1.0932e+00
2.4806e+00 1.0890e+00
2.4847e+00 1.0910e+00
2.4889e+00 1.1038e+00
2.4931e+00 1.1147e+00
2.4972e+00 1.1038e+00
2.5014e+00 1.0944e+00
2.5055e+00 1.0980e+00
2.5097e+00 1.0911e+00
2.5138e+00 1.0725e+00
2.5180e+00 1.0654e+00
2.5222e+00 1.0897e+00
2.5263e+00 1.0964e+00
2.5305e+00 1.0817e+00
2.5346e+00 1.0587e+00
2.5388e+00 1.0719e+00
2.5430e+00 1.0817e+00
2.5471e+00 1.0910e+00
2.5513e+00 1.0990e+00
2.5554e+00 1.0885e+00
2.5596e+00 1.0812e+00
2.5638e+00 1.0819e+00
2.5679e+00 1.1022e+00
2.5721e+00 1.0987e+00
2.5762e+00 1.0948e+00
2.5804e+00 1.0966e+00
2.5846e+00 1.0929e+00
2.5887e+00 1.0872e+00
2.5929e+00 1.0933e+00
2.5970e+00 1.0953e+00
2.6012e+00 1.0730e+00
2.6054e+00 1.0642e+00
2.6095e+00 1.0747e+00
2.6137e+00 1.0812e+00
2.6178e+00 1.0610e+00
2.6220e+00 1.0588e+00
2.6261e+00 1.0570e+00
2.6303e+00 1.0817e+00
2.6345e+00 1.0660e+00
2.6386e+00 1.0387e+00
2.6428e+00 1.0376e+00
2.6469e+00 1.0440e+00
2.6511e+00 1.0421e+00
2.6553e+00 1.0353e+00
2.6594e+00 1.0395e+00
2.6636e+00 1.0330e+00
2.6677e+00 1.0150e+00
2.6719e+00 1.0149e+00
2.6761e+00 1.0258e+00
2.6802e+00 1.0278e+00
2.6844e+00 1.0170e+00
2.6885e+00 1.0100e+00
2.6927e+00 9.9920e-01
2.6969e+00 9.9679e-01
2.7010e+00 1.0048e+00
2.7052e+00 9.9468e-01
2.7093e+00 1.0058e+00
2.7135e+00 1.0128e+00
2.7177e+00 9.9285e-01
2.7218e+00 9.8938e-01
2.7260e+00 9.8465e-01
2.7301e+00 9.6906e-01
2.7343e+00 9.6909e-01
2.7384e+00 9.7245e-01
2.7426e+00 9.5997e-01
2.7468e+00 9.5048e-01
2.7509e+00 9.4400e-01
2.7551e+00 9.3730e-01
2.7592e+00 9.4043e-01
2.7634e+00 9.4866e-01
2.7676e+00 9.5862e-01
2.7717e+00 9.4819e-01
2.7759e+00 9.3320e-01
2.7800e+00 9.2461e-01
2.7842e+00 9.2432e-01
2.7884e+00 9.1922e-01
2.7925e+00 9.1094e-01
2.7967e+00 9.0184e-01
2.8008e+00 8.9601e-01
2.8050e+00 9.0366e-01
2.8092e+00 9.0423e-01
2.8133e+00 8.8913e-01
2.8175e+00 8.9801e-01
2.8216e+00 8.9425e-01
2.8258e+00 8.7989e-01
2.8300e+00 8.8248e-01
2.8341e+00 8.9528e-01
2.8383e+00 8.8242e-01
2.8424e+00 8.8645e-01
2.8466e+00 8.7217e-01
2.8508e+00 8.6262e-01
2.8549e+00 8.5293e-01
2.8591e+00 8.4253e-01
2.8632e+00 8.4683e-01
2.8674e+00 8.5937e-01
2.8716e+00 8.6618e-01
2.8757e+00 8.5279e-01
2.8799e+00 8.3324e-01
2.8840e+00 8.2299e-01
2.8882e+00 8.2828e-01
2.8924e+00 8.2590e-01
2.8965e+00 8.1641e-01
2.9007e+00 8.1099e-01
2.9048e+00 8.0774e-01
2.9090e+00 8.1601e-01
2.9131e+00 8.1627e-01
2.9173e+00 8.0272e-01
2.9215e+00 8.1356e-01
2.9256e+00 8.3394e-01
2.9298e+00 8.3838e-01
2.9339e+00 8.4296e-01
2.9381e+00 8.6360e-01
2.9423e+00 8.7819e-01
2.9464e+00 8.9915e-01
2.9506e+00 9.2917e-01
2.9547e+00 9.6111e-01
2.9589e+00 1.0222e+00
2.9631e+00 1.1076e+00
2.9672e+00 1.2523e+00
2.9714e+00 1.4652e+00
2.9755e+00 1.8023e+00
2.9797e+00 2.3254e+00
2.9839e+00 3.1019e+00
2.9880e+00 4.2088e+00
2.9922e+00 5.4801e+00
2.9963e+00 6.5858e+00
3.0005e+00 7.1048e+00
3.0047e+00 6.8411e+00
3.0088e+00 5.8615e+00
3.0130e+00 4.5434e+00
3.0171e+00 3.3506e+00
3.0213e+00 2.4721e+00
3.0255e+00 1.8766e+00
3.0296e+00 1.4919e+00
3.0338e+00 1.2514e+00
3.0379e+00 1.0969e+00
3.0421e+00 9.9169e-01
3.0463e+00 9.1635e-01
3.0504e+00 8.7250e-01
3.0546e+00 8.3022e-01
3.0587e+00 7.9422e-01
3.0629e+00 7.6222e-01
3.0671e+00 7.4847e-01
3.0712e+00 7.2710e-01
3.0754e+00 7.1298e-01
3.0795e+00 7.0416e-01
3.0837e+00 6.8169e-01
3.0879e+00 6.7461e-01
3.0920e+00 6.7932e-01
3.0962e+00 6.8563e-01
3.1003e+00 6.9073e-01
3.1045e+00 6.8072e-01
3.1087e+00 6.6015e-01
3.1128e+00 6.5305e-01
3.1170e+00 6.5291e-01
3.1211e+00 6.4315e-01
3.1253e+00 6.3027e-01
3.1295e+00 6.3583e-01
3.1336e+00 6.4750e-01
3.1378e+00 6.4120e-01
3.1419e+00 6.2534e-01
3.1461e+00 6.2318e-01
3.1502e+00 6.1691e-01
3.1544e+00 6.1014e-01
3.1586e+00 6.1310e-01
3.1627e+00 6.1193e-01
3.1669e+00 6.0289e-01
3.1710e+00 5.9603e-01
3.1752e+00 6.0674e-01
3.1794e+00 6.0396e-01
3.1835e+00 6.0110e-01
3.1877e+00 6.0595e-01
3.1918e+00 6.1134e-01
3.1960e+00 6.0696e-01
3.2002e+00 5.8646e-01
3.2043e+00 5.6733e-01
3.2085e+00 5.6241e-01
3.2126e+00 5.6818e-01
3.2168e+00 5.7278e-01
3.2210e+00 5.8157e-01
3.2251e+00 5.6765e-01
3.2293e+00 5.6619e-01
3.2334e+00 5.7068e-01
3.2376e+00 5.6806e-01
3.2418e+00 5.5899e-01
3.2459e+00 5.5494e-01
3.2501e+00 5.6316e-01
3.2542e+00 5.6815e-01
3.2584e+00 5.4744e-01
3.2626e+00 5.3855e-01
3.2667e+00 5.3819e-01
3.2709e+00 5.2469e-01
3.2750e+00 5.1533e-01
3.2792e+00 5.2396e-01
3.2834e+00 5.3072e-01
3.2875e+00 5.3368e-01
3.2917e+00 5.3318e-01
3.2958e+00 5.3890e-01
3.3000e+00 5.3808e-01
3.3042e+00 5.3584e-01
3.3083e+00 5.2256e-01
3.3125e+00 5.3766e-01
3.3166e+00 5.4831e-01
3.3208e+00 5.4074e-01
3.3250e+00 5.2345e-01
3.3291e+00 5.2511e-01
3.3333e+00 5.2839e-01
3.3374e+00 5.2125e-01
3.3416e+00 5.2424e-01
3.3458e+00 5.4326e-01
3.3499e+00 5.3721e-01
3.3541e+00 5.1165e-01
3.3582e+00 5.0660e-01
3.3624e+00 5.1157e-01
3.3666e+00 5.1835e-01
3.3707e+00 5.0315e-01
3.3749e+00 5.0789e-01
3.3790e+00 5.1612e-01
3.3832e+00 5.0430e-01
3.3874e+00 4.9130e-01
3.3915e+00 4.9234e-01
3.3957e+00 4.9766e-01
3.3998e+00 5.1467e-01
3.4040e+00 5.1951e-01
3.4082e+00 5.1213e-01
3.4123e+00 5.1207e-01
3.4165e+00 5.1191e-01
3.4206e+00 4.9261e-01
3.4248e+00 4.8065e-01
3.4290e+00 4.8760e-01
3.4331e+00 4.8972e-01
3.4373e+00 4.8516e-01
3.4414e+00 4.8433e-01
3.4456e+00 4.9691e-01
3.4498e+00 5.0323e-01
3.4539e+00 5.0507e-01
3.4581e+00 5.1053e-01
3.4622e+00 5.0030e-01
3.4664e+00 4.9248e-01
3.4706e+00 4.8913e-01
3.4747e+00 4.8435e-01
3.4789e+00 4.8885e-01
3.4830e+00 4.8686e-01
3.4872e+00 4.8554e-01
3.4914e+00 4.8561e-01
3.4955e+00 4.9555e-01
3.4997e+00 5.0006e-01
3.5038e+00 4.9579e-01
3.5080e+00 4.8325e-01
3.5122e+00 4.8308e-01
3.5163e+00 4.7968e-01
3.5205e+00 4.6788e-01
3.5246e+00 4.7288e-01
3.5288e+00 4.7798e-01
3.5330e+00 4.7881e-01
3.5371e+00 4.8399e-01
3.5413e+00 4.7851e-01
3.5454e+00 4.8528e-01
3.5496e+00 4.8827e-01
3.5538e+00 4.8135e-01
3.5579e+00 4.6806e-01
3.5621e+00 4.7147e-01
3.5663e+00 4.6873e-01
3.5704e+00 4.6773e-01
3.5746e+00 4.5730e-01
3.5787e+00 4.7535e-01
3.5829e+00 4.8324e-01
3.5871e+00 4.7614e-01
3.5912e+00 4.7005e-01
3.5954e+00 4.6835e-01
3.5995e+00 4.6144e-01
3.6037e+00 4.7134e-01
3.6079e+00 4.7233e-01
3.6120e+00 4.6149e-01
3.6162e+00 4.6248e-01
3.6203e+00 4.6306e-01
3.6245e+00 4.6124e-01
3.6287e+00 4.8443e-01
3.6328e+00 4.8552e-01
3.6370e+00 4.6270e-01
3.6411e+00 4.4804e-01
3.6453e+00 4.4248e-01
3.6495e+00 4.4869e-01
3.6536e+00 4.5423e-01
3.6578e+00 4.6627e-01
3.6619e+00 4.6912e-01
3.6661e+00 4.5631e-01
3.6703e+00 4.5709e-01
3.6744e+00 4.7493e-01
3.6786e+00 4.6232e-01
3.6827e+00 4.5370e-01
3.6869e+00 4.6176e-01
3.6911e+00 4.6172e-01
3.6952e+00 4.5250e-01
3.6994e+00 4.4274e-01
3.7035e+00 4.3200e-01
3.7077e+00 4.4606e-01
3.7119e+00 4.6015e-01
3.7160e+00 4.6920e-01
3.7202e+00 4.6693e-01
3.7243e+00 4.5715e-01
3.7285e+00 4.5638e-01
3.7327e+00 4.4999e-01
3.7368e+00 4.5476e-01
3.7410e+00 4.4885e-01
3.7451e+00 4.4867e-01
3.7493e+00 4.4730e-01
3.7535e+00 4.4370e-01
3.7576e+00 4.3686e-01
3.7618e+00 4.5883e-01
3.7659e+00 4.5300e-01
3.7701e+00 4.4862e-01
3.7743e+00 4.3384e-01
3.7784e+00 4.4620e-01
3.7826e+00 4.5255e-01
3.7868e+00 4.4864e-01
3.7909e+00 4.5460e-01
3.7951e+00 4.5148e-01
3.7992e+00 4.5835e-01
3.8034e+00 4.5779e-01
3.8076e+00 4.5085e-01
3.8117e+00 4.4101e-01
3.8159e+00 4.3804e-01
3.8200e+00 4.4206e-01
3.8242e+00 4.2354e-01
3.8284e+00 4.2179e-01
3.8325e+00 4.2118e-01
3.8367e+00 4.2159e-01
3.8408e+00 4.3964e-01
3.8450e+00 4.3086e-01
3.8492e+00 4.1306e-01
3.8533e+00 4.0838e-01
3.8575e+00 4.1622e-01
3.8616e+00 4.2456e-01
3.8658e+00 4.1209e-01
3.8700e+00 4.0464e-01
3.8741e+00 4.1226e-01
3.8783e+00 4.0593e-01
3.8824e+00 3.9995e-01
3.8866e+00 4.0344e-01
3.8908e+00 4.1083e-01
3.8949e+00 4.0191e-01
3.8991e+00 3.8360e-01
3.9032e+00 3.9178e-01
3.9074e+00 4.1039e-01
3.9116e+00 4.0602e-01
3.9157e+00 3.9458e-01
3.9199e+00 3.9939e-01
3.9240e+00 3.9902e-01
3.9282e+00 3.9843e-01
3.9324e+00 3.8654e-01
3.9365e+00 3.8750e-01
3.9407e+00 3.9400e-01
3.9449e+00 4.1249e-01
3.9490e+00 4.1277e-01
3.9532e+00 3.9768e-01
3.9573e+00 3.8850e-01
3.9615e+00 3.9067e-01
3.9657e+00 4.0127e-01
3.9698e+00 4.0229e-01
3.9740e+00 3.9996e-01
3.9781e+00 3.8898e-01
3.9823e+00 3.9765e-01
3.9865e+00 4.1419e-01
3.9906e+00 4.2258e-01
3.9948e+00 4.2093e-01
3.9989e+00 4.1647e-01
4.0031e+00 4.2932e-01
4.0073e+00 4.3767e-01
4.0114e+00 4.4297e-01
4.0156e+00 4.3989e-01
4.0197e+00 4.5920e-01
4.0239e+00 4.7205e-01
4.0281e+00 5.0511e-01
4.0322e+00 5.3806e-01
4.0364e+00 5.7265e-01
4.0405e+00 6.0377e-01
4.0447e+00 6.5412e-01
4.0489e+00 7.1654e-01
4.0530e+00 8.1543e-01
4.0572e+00 9.5807e-01
4.0614e+00 1.1605e+00
4.0655e+00 1.4756e+00
4.0697e+00 1.9560e+00
4.0738e+00 2.7027e+00
4.0780e+00 3.8423e+00
4.0822e+00 5.4366e+00
4.0863e+00 7.2862e+00
4.0905e+00 9.0125e+00
4.0946e+00 1.0047e+01
4.0988e+00 1.0028e+01
4.1030e+00 8.8941e+00
4.1071e+00 7.1126e+00
4.1113e+00 5.2283e+00
4.1154e+00 3.6894e+00
4.1196e+00 2.5885e+00
4.1238e+00 1.8834e+00
4.1279e+00 1.4232e+00
4.1321e+00 1.1222e+00
4.1362e+00 9.0907e-01
4.1404e+00 7.7000e-01
4.1446e+00 6.7781e-01
4.1487e+00 6.1751e-01
4.1529e+00 5.6605e-01
4.1571e+00 5.3369e-01
4.1612e+00 5.0726e-01
4.1654e+00 4.8841e-01
4.1695e+00 4.6685e-01
4.1737e+00 4.4262e-01
4.1779e+00 4.2938e-01
4.1820e+00 4.1362e-01
4.1862e+00 4.1363e-01
4.1903e+00 3.9832e-01
4.1945e+00 4.0102e-01
4.1987e+00 3.9918e-01
4.2028e+00 3.9854e-01
4.2070e+00 3.8908e-01
4.2111e+00 3.9061e-01
4.2153e+00 3.9707e-01
4.2195e+00 3.9489e-01
4.2236e+00 3.9553e-01
4.2278e+00 3.9909e-01
4.2320e+00 3.9603e-01
4.2361e+00 3.9322e-01
4.2403e+00 3.9883e-01
4.2444e+00 4.0156e-01
4.2486e+00 3.9966e-01
4.2528e+00 4.0075e-01
4.2569e+00 4.0129e-01
4.2611e+00 3.9923e-01
4.2652e+00 3.9778e-01
4.2694e+00 3.9841e-01
4.2736e+00 4.0463e-01
4.2777e+00 4.0364e-01
4.2819e+00 4.0886e-01
4.2860e+00 4.2196e-01
4.2902e+00 4.2061e-01
4.2944e+00 4.3307e-01
4.2985e+00 4.3286e-01
4.3027e+00 4.3427e-01
4.3069e+00 4.4155e-01
4.3110e+00 4.3896e-01
4.3152e+00 4.4442e-01
4.3193e+00 4.5443e-01
4.3235e+00 4.6482e-01
4.3277e+00 4.7073e-01
4.3318e+00 4.7878e-01
4.3360e+00 5.0106e-01
4.3401e+00 5.2822e-01
4.3443e+00 5.5937e-01
4.3485e+00 6.0083e-01
4.3526e+00 6.5739e-01
4.3568e+00 7.5212e-01
4.3609e+00 8.9276e-01
4.3651e+00 1.1037e+00
4.3693e+00 1.4226e+00
4.3734e+00 1.8912e+00
4.3776e+00 2.5704e+00
4.3818e+00 3.3548e+00
4.3859e+00 4.0841e+00
4.3901e+00 4.5419e+00
4.3942e+00 4.5652e+00
4.3984e+00 4.1174e+00
4.4026e+00 3.3982e+00
4.4067e+00 2.6009e+00
4.4109e+00 1.9268e+00
4.4150e+00 1.4347e+00
4.4192e+00 1.1288e+00
4.4234e+00 9.3451e-01
4.4275e+00 8.1453e-01
4.4317e+00 7.2384e-01
4.4359e+00 6.5833e-01
4.4400e+00 6.1564e-01
4.4442e+00 5.7382e-01
4.4483e+00 5.5853e-01
4.4525e+00 5.5520e-01
4.4567e+00 5.4700e-01
4.4608e+00 5.4495e-01
4.4650e+00 5.4128e-01
4.4691e+00 5.2325e-01
4.4733e+00 5.1885e-01
4.4775e+00 5.3348e-01
4.4816e+00 5.5336e-01
4.4858e+00 5.4729e-01
4.4899e+00 5.5190e-01
4.4941e+00 5.5339e-01
4.4983e+00 5.6465e-01
4.5024e+00 5.8960e-01
4.5066e+00 6.0712e-01
4.5108e+00 6.2287e-01
4.5149e+00 6.5238e-01
4.5191e+00 6.9293e-01
4.5232e+00 7.4163e-01
4.5274e+00 7.7013e-01
4.5316e+00 8.0063e-01
4.5357e+00 8.5181e-01
4.5399e+00 9.3109e-01
4.5440e+00 1.0289e+00
4.5482e+00 1.1319e+00
4.5524e+00 1.2689e+00
4.5565e+00 1.4169e+00
4.5607e+00 1.6586e+00
4.5649e+00 1.9589e+00
4.5690e+00 2.4078e+00
4.5732e+00 3.0285e+00
4.5773e+00 4.0120e+00
4.5815e+00 5.4441e+00
4.5857e+00 7.6791e+00
4.5898e+00 1.1173e+01
4.5940e+00 1.6260e+01
4.5981e+00 2.3903e+01
4.6023e+00 3.2511e+01
4.6065e+00 4.1815e+01
4.6106e+00 4.8054e+01
4.6148e+00 5.0766e+01
4.6190e+00 4.8541e+01
4.6231e+00 4.2052e+01
4.6273e+00 3.3810e+01
4.6314e+00 2.5219e+01
4.6356e+00 1.9084e+01
4.6398e+00 1.5161e+01
4.6439e+00 1.3530e+01
4.6481e+00 1.3554e+01
4.6522e+00 1.4837e+01
4.6564e+00 1.7000e+01
4.6606e+00 1.9463e+01
4.6647e+00 2.1574e+01
4.6689e+00 2.2713e+01
4.6731e+00 2.2490e+01
4.6772e+00 2.0883e+01
4.6814e+00 1.8189e+01
4.6855e+00 1.4936e+01
4.6897e+00 1.1713e+01
4.6939e+00 8.9008e+00
4.6980e+00 6.6772e+00
4.7022e+00 5.0408e+00
4.7064e+00 3.8524e+00
4.7105e+00 3.0033e+00
4.7147e+00 2.3943e+00
4.7188e+00 1.9773e+00
4.7230e+00 1.6605e+00
4.7272e+00 1.4311e+00
4.7313e+00 1.2609e+00
4.7355e+00 1.1513e+00
4.7396e+00 1.0515e+00
4.7438e+00 9.6766e-01
4.7480e+00 9.0317e-01
4.7521e+00 8.4545e-01
4.7563e+00 7.9630e-01
4.7605e+00 7.4382e-01
4.7646e+00 7.0615e-01
4.7688e+00 6.9195e-01
4.7729e+00 6.6885e-01
4.7771e+00 6.5373e-01
4.7813e+00 6.5456e-01
4.7854e+00 6.4288e-01
4.7896e+00 6.3564e-01
4.7937e+00 6.3218e-01
4.7979e+00 6.4412e-01
4.8021e+00 6.4910e-01
4.8062e+00 6.6028e-01
4.8104e+00 6.7449e-01
4.8146e+00 6.9256e-01
4.8187e+00 7.1021e-01
4.8229e+00 7.2336e-01
4.8270e+00 7.3706e-01
4.8312e+00 7.4057e-01
4.8354e+00 7.1848e-01
4.8395e+00 7.1240e-01
4.8437e+00 7.0767e-01
4.8479e+00 6.9984e-01
4.8520e+00 6.9555e-01
4.8562e+00 6.9220e-01
4.8603e+00 7.0176e-01
4.8645e+00 7.1353e-01
4.8687e+00 7.1114e-01
4.8728e+00 7.1597e-01
4.8770e+00 7.2932e-01
4.8811e+00 7.4220e-01
4.8853e+00 7.6369e-01
4.8895e+00 7.7688e-01
4.8936e+00 7.9844e-01
4.8978e+00 8.1651e-01
4.9020e+00 8.6224e-01
4.9061e+00 9.0582e-01
4.9103e+00 9.5928e-01
4.9144e+00 1.0158e+00
4.9186e+00 1.0911e+00
4.9228e+00 1.1823e+00
4.9269e+00 1.2887e+00
4.9311e+00 1.4056e+00
4.9353e+00 1.5830e+00
4.9394e+00 1.7826e+00
4.9436e+00 2.0319e+00
4.9477e+00 2.3299e+00
4.9519e+00 2.7352e+00
4.9561e+00 3.2356e+00
4.9602e+00 3.9760e+00
4.9644e+00 4.9068e+00
4.9686e+00 6.3622e+00
4.9727e+00 8.3671e+00
4.9769e+00 1.1429e+01
4.9810e+00 1.5918e+01
4.9852e+00 2.2522e+01
4.9894e+00 3.2244e+01
4.9935e+00 4.4429e+01
4.9977e+00 5.9315e+01
5.0018e+00 7.2383e+01
5.0060e+00 8.2604e+01
5.0102e+00 8.5069e+01
5.0143e+00 7.9660e+01
5.0185e+00 6.8532e+01
5.0227e+00 5.3185e+01
5.0268e+00 3.9682e+01
5.0310e+00 2.7748e+01
5.0351e+00 1.9758e+01
5.0393e+00 1.3928e+01
5.0435e+00 1.0141e+01
5.0476e+00 7.5814e+00
5.0518e+00 5.7810e+00
5.0560e+00 4.6222e+00
5.0601e+00 3.7510e+00
5.0643e+00 3.1950e+00
5.0684e+00 2.7382e+00
5.0726e+00 2.4527e+00
5.0768e+00 2.2343e+00
5.0809e+00 2.1104e+00
5.0851e+00 2.0376e+00
5.0893e+00 2.0446e+00
5.0934e+00 2.1291e+00
5.0976e+00 2.3316e+00
5.1017e+00 2.6773e+00
5.1059e+00 3.2868e+00
5.1101e+00 4.1682e+00
5.1142e+00 5.6715e+00
5.1184e+00 7.6876e+00
5.1226e+00 1.0801e+01
5.1267e+00 1.4237e+01
5.1309e+00 1.8159e+01
5.1350e+00 2.0855e+01
5.1392e+00 2.2112e+01
5.1434e+00 2.1075e+01
5.1475e+00 1.8238e+01
5.1517e+00 1.4506e+01
5.1559e+00 1.0774e+01
5.1600e+00 7.7091e+00
5.1642e+00 5.5136e+00
5.1683e+00 3.9503e+00
5.1725e+00 2.9774e+00
5.1767e+00 2.2713e+00
5.1808e+00 1.8254e+00
5.1850e+00 1.4922e+00
5.1892e+00 1.2703e+00
5.1933e+00 1.0779e+00
5.1975e+00 9.6393e-01
5.2016e+00 8.7886e-01
5.2058e+00 8.1610e-01
5.2100e+00 7.8018e-01
5.2141e+00 7.3594e-01
5.2183e+00 7.1158e-01
5.2225e+00 6.9918e-01
5.2266e+00 6.8813e-01
5.2308e+00 6.6965e-01
5.2349e+00 6.6403e-01
5.2391e+00 6.5190e-01
5.2433e+00 6.3637e-01
5.2474e+00 6.2699e-01
5.2516e+00 6.2204e-01
5.2558e+00 6.3796e-01
5.2599e+00 6.4962e-01
5.2641e+00 6.6010e-01
5.2682e+00 6.8043e-01
5.2724e+00 7.1169e-01
5.2766e+00 7.4479e-01
5.2807e+00 8.1664e-01
5.2849e+00 9.0123e-01
5.2891e+00 1.0066e+00
5.2932e+00 1.1884e+00
5.2974e+00 1.4635e+00
5.3015e+00 1.8477e+00
5.3057e+00 2.4289e+00
5.3099e+00 3.2583e+00
5.3140e+00 4.2929e+00
5.3182e+00 5.4220e+00
5.3224e+00 6.4419e+00
5.3265e+00 7.0651e+00
5.3307e+00 7.0921e+00
5.3348e+00 6.5527e+00
5.3390e+00 5.5618e+00
5.3432e+00 4.4086e+00
5.3473e+00 3.3522e+00
5.3515e+00 2.5068e+00
5.3557e+00 1.8938e+00
5.3598e+00 1.4706e+00
5.3640e+00 1.1897e+00
5.3681e+00 9.9231e-01
5.3723e+00 8.5318e-01
5.3765e+00 7.5603e-01
5.3806e+00 6.7954e-01
5.3848e+00 6.2491e-01
5.3890e+00 5.8070e-01
5.3931e+00 5.5631e-01
5.3973e+00 5.4694e-01
5.4015e+00 5.2443e-01
5.4056e+00 5.0987e-01
5.4098e+00 5.1161e-01
5.4139e+00 5.1031e-01
5.4181e+00 4.9661e-01
5.4223e+00 4.8963e-01
5.4264e+00 4.7970e-01
5.4306e+00 4.7650e-01
5.4348e+00 4.5924e-01
5.4389e+00 4.6069e-01
5.4431e+00 4.6805e-01
5.4472e+00 4.6589e-01
5.4514e+00 4.6141e-01
5.4556e+00 4.4864e-01
5.4597e+00 4.5280e-01
5.4639e+00 4.5421e-01
5.4681e+00 4.5398e-01
5.4722e+00 4.5011e-01
5.4764e+00 4.4427e-01
5.4805e+00 4.3717e-01
5.4847e+00 4.3639e-01
5.4889e+00 4.3858e-01
5.4930e+00 4.4049e-01
5.4972e+00 4.4719e-01
5.5014e+00 4.4157e-01
5.5055e+00 4.3314e-01
5.5097e+00 4.3848e-01
5.5139e+00 4.4473e-01
5.5180e+00 4.5105e-01
5.5222e+00 4.3089e-01
5.5263e+00 4.2999e-01
5.5305e+00 4.2511e-01
5.5347e+00 4.2766e-01
5.5388e+00 4.3232e-01
5.5430e+00 4.4049e-01
5.5472e+00 4.4792e-01
5.5513e+00 4.4974e-01
5.5555e+00 4.4864e-01
5.5596e+00 4.4598e-01
5.5638e+00 4.4413e-01
5.5680e+00 4.3102e-01
5.5721e+00 4.3558e-01
5.5763e+00 4.4420e-01
5.5805e+00 4.3735e-01
5.5846e+00 4.4281e-01
5.5888e+00 4.4997e-01
5.5929e+00 4.4597e-01
5.5971e+00 4.5307e-01
5.6013e+00 4.6520e-01
5.6054e+00 4.6158e-01
5.6096e+00 4.7348e-01
5.6138e+00 4.7414e-01
5.6179e+00 4.7232e-01
5.6221e+00 4.7697e-01
5.6263e+00 4.8260e-01
5.6304e+00 4.8100e-01
5.6346e+00 4.9395e-01
5.6387e+00 5.0503e-01
5.6429e+00 5.0969e-01
5.6471e+00 5.1474e-01
5.6512e+00 5.3024e-01
5.6554e+00 5.4089e-01
5.6596e+00 5.5277e-01
5.6637e+00 5.6180e-01
5.6679e+00 5.6641e-01
5.6721e+00 5.8439e-01
5.6762e+00 6.0871e-01
5.6804e+00 6.3516e-01
5.6845e+00 6.5713e-01
5.6887e+00 7.0217e-01
5.6929e+00 7.4389e-01
5.6970e+00 7.8547e-01
5.7012e+00 8.3244e-01
5.7054e+00 9.1273e-01
5.7095e+00 1.0020e+00
5.7137e+00 1.1187e+00
5.7178e+00 1.2503e+00
5.7220e+00 1.4286e+00
5.7262e+00 1.6505e+00
5.7303e+00 1.9315e+00
5.7345e+00 2.3200e+00
5.7387e+00 2.8664e+00
5.7428e+00 3.6083e+00
5.7470e+00 4.5975e+00
5.7512e+00 6.0376e+00
5.7553e+00 7.9329e+00
5.7595e+00 1.0616e+01
5.7636e+00 1.3885e+01
5.7678e+00 1.7956e+01
5.7720e+00 2.2109e+01
5.7761e+00 2.6057e+01
5.7803e+00 2.8679e+01
5.7845e+00 2.9677e+01
5.7886e+00 2.8573e+01
5.7928e+00 2.5723e+01
5.7970e+00 2.1732e+01
5.8011e+00 1.7457e+01
5.8053e+00 1.3376e+01
5.8094e+00 1.0097e+01
5.8136e+00 7.4974e+00
5.8178e+00 5.6626e+00
5.8219e+00 4.2977e+00
5.8261e+00 3.3639e+00
5.8303e+00 2.6798e+00
5.8344e+00 2.2007e+00
5.8386e+00 1.8413e+00
5.8428e+00 1.5814e+00
5.8469e+00 1.3866e+00
5.8511e+00 1.2462e+00
5.8552e+00 1.1304e+00
5.8594e+00 1.0485e+00
5.8636e+00 9.7692e-01
5.8677e+00 9.3536e-01
5.8719e+00 9.2041e-01
5.8761e+00 9.3238e-01
5.8802e+00 9.5800e-01
5.8844e+00 1.0075e+00
5.8886e+00 1.0878e+00
5.8927e+00 1.2110e+00
5.8969e+00 1.3929e+00
5.9010e+00 1.6499e+00
5.9052e+00 2.0336e+00
5.9094e+00 2.5543e+00
5.9135e+00 3.2595e+00
5.9177e+00 4.1141e+00
5.9219e+00 5.1275e+00
5.9260e+00 6.0762e+00
5.9302e+00 6.8609e+00
5.9344e+00 7.2487e+00
5.9385e+00 7.1459e+00
5.9427e+00 6.5637e+00
5.9468e+00 5.6377e+00
5.9510e+00 4.6239e+00
5.9552e+00 3.6617e+00
5.9593e+00 2.8861e+00
5.9635e+00 2.3114e+00
5.9677e+00 1.9400e+00
5.9718e+00 1.7358e+00
5.9760e+00 1.6862e+00
5.9802e+00 1.7799e+00
5.9843e+00 2.0512e+00
5.9885e+00 2.5321e+00
5.9926e+00 3.2668e+00
5.9968e+00 4.1525e+00
6.0010e+00 5.0759e+00
6.0051e+00 5.7619e+00
6.0093e+00 6.0406e+00
6.0135e+00 5.7854e+00
6.0176e+00 5.0790e+00
6.0218e+00 4.1324e+00
6.0260e+00 3.1722e+00
6.0301e+00 2.3711e+00
6.0343e+00 1.7695e+00
6.0385e+00 1.3541e+00
6.0426e+00 1.0815e+00
6.0468e+00 9.0544e-01
6.0509e+00 7.8644e-01
6.0551e+00 6.9781e-01
6.0593e+00 6.3348e-01
6.0634e+00 5.8003e-01
6.0676e+00 5.4369e-01
6.0718e+00 5.1672e-01
6.0759e+00 5.1240e-01
6.0801e+00 5.0322e-01
6.0843e+00 4.7882e-01
6.0884e+00 4.6359e-01
6.0926e+00 4.6505e-01
6.0968e+00 4.6161e-01
6.1009e+00 4.4712e-01
6.1051e+00 4.4719e-01
6.1092e+00 4.3934e-01
6.1134e+00 4.4369e-01
6.1176e+00 4.3399e-01
6.1217e+00 4.2406e-01
6.1259e+00 4.1596e-01
6.1301e+00 4.1814e-01
6.1342e+00 4.1659e-01
6.1384e+00 4.2141e-01
6.1426e+00 4.1346e-01
6.1467e+00 4.1432e-01
6.1509e+00 4.1237e-01
6.1550e+00 4.1549e-01
6.1592e+00 4.1710e-01
6.1634e+00 4.1588e-01
6.1675e+00 4.1894e-01
6.1717e+00 4.1644e-01
6.1759e+00 4.2014e-01
6.1800e+00 4.1366e-01
6.1842e+00 4.0860e-01
6.1884e+00 4.0191e-01
6.1925e+00 3.9400e-01
6.1967e+00 4.0864e-01
6.2009e+00 4.1326e-01
6.2050e+00 4.1823e-01
6.2092e+00 4.1002e-01
6.2133e+00 4.0876e-01
6.2175e+00 4.1613e-01
6.2217e+00 4.1177e-01
6.2258e+00 4.1137e-01
6.2300e+00 4.1264e-01
6.2342e+00 4.1346e-01
6.2383e+00 4.1466e-01
6.2425e+00 4.1483e-01
6.2467e+00 4.1036e-01
6.2508e+00 4.0849e-01
6.2550e+00 4.1612e-01
6.2592e+00 4.1379e-01
6.2633e+00 3.9718e-01
6.2675e+00 4.0839e-01
6.2717e+00 4.1340e-01
6.2758e+00 4.1581e-01
6.2800e+00 4.1269e-01
6.2841e+00 4.1111e-01
6.2883e+00 4.1445e-01
6.2925e+00 4.1856e-01
6.2966e+00 4.2285e-01
6.3008e+00 4.2420e-01
6.3050e+00 4.0944e-01
6.3091e+00 4.1379e-01
6.3133e+00 4.0665e-01
6.3175e+00 4.0846e-01
6.3216e+00 4.1457e-01
6.3258e+00 4.1138e-01
6.3300e+00 4.0419e-01
6.3341e+00 4.1226e-01
6.3383e+00 4.2742e-01
6.3424e+00 4.3079e-01
6.3466e+00 4.1612e-01
6.3508e+00 4.2860e-01
6.3549e+00 4.2982e-01
6.3591e+00 4.3146e-01
6.3633e+00 4.2227e-01
6.3674e+00 4.2861e-01
6.3716e+00 4.2987e-01
6.3758e+00 4.2189e-01
6.3799e+00 4.2260e-01
6.3841e+00 4.3315e-01
6.3883e+00 4.3112e-01
6.3924e+00 4.3194e-01
6.3966e+00 4.3772e-01
6.4008e+00 4.2973e-01
6.4049e+00 4.4007e-01
6.4091e+00 4.5708e-01
6.4132e+00 4.6001e-01
6.4174e+00 4.5588e-01
6.4216e+00 4.6026e-01
6.4257e+00 4.7186e-01
6.4299e+00 4.7966e-01
6.4341e+00 4.7745e-01
6.4382e+00 4.9106e-01
6.4424e+00 5.0860e-01
6.4466e+00 5.1841e-01
6.4507e+00 5.3782e-01
6.4549e+00 5.5937e-01
6.4591e+00 5.8720e-01
6.4632e+00 6.1733e-01
6.4674e+00 6.5267e-01
6.4716e+00 7.0170e-01
6.4757e+00 7.6733e-01
6.4799e+00 8.5380e-01
6.4840e+00 9.6895e-01
6.4882e+00 1.1351e+00
6.4924e+00 1.3661e+00
6.4965e+00 1.7215e+00
6.5007e+00 2.2660e+00
6.5049e+00 3.0883e+00
6.5090e+00 4.2807e+00
6.5132e+00 5.8528e+00
6.5174e+00 7.7441e+00
6.5215e+00 9.6016e+00
6.5257e+00 1.1075e+01
6.5299e+00 1.1708e+01
6.5340e+00 1.1366e+01
6.5382e+00 1.0097e+01
6.5424e+00 8.2715e+00
6.5465e+00 6.3741e+00
6.5507e+00 4.7189e+00
6.5549e+00 3.4688e+00
6.5590e+00 2.6365e+00
6.5632e+00 2.0878e+00
6.5673e+00 1.7661e+00
6.5715e+00 1.5978e+00
6.5757e+00 1.5481e+00
6.5798e+00 1.5806e+00
6.5840e+00 1.6850e+00
6.5882e+00 1.8562e+00
6.5923e+00 2.0901e+00
6.5965e+00 2.3349e+00
6.6007e+00 2.5454e+00
6.6048e+00 2.6941e+00
6.6090e+00 2.7350e+00
6.6132e+00 2.6556e+00
6.6173e+00 2.4692e+00
6.6215e+00 2.2062e+00
6.6257e+00 1.9108e+00
6.6298e+00 1.6253e+00
6.6340e+00 1.3771e+00
6.6382e+00 1.1802e+00
6.6423e+00 1.0116e+00
6.6465e+00 8.7210e-01
6.6507e+00 7.6627e-01
6.6548e+00 6.9554e-01
6.6590e+00 6.5328e-01
6.6631e+00 6.1251e-01
6.6673e+00 5.7401e-01
6.6715e+00 5.4302e-01
6.6756e+00 5.3783e-01
6.6798e+00 5.2778e-01
6.6840e+00 5.2261e-01
6.6881e+00 5.0739e-01
6.6923e+00 4.9291e-01
6.6965e+00 4.9343e-01
6.7006e+00 4.8451e-01
6.7048e+00 4.7768e-01
6.7090e+00 4.7408e-01
6.7131e+00 4.7704e-01
6.7173e+00 4.7919e-01
6.7215e+00 4.9389e-01
6.7256e+00 4.9275e-01
6.7298e+00 4.9579e-01
6.7340e+00 5.0858e-01
6.7381e+00 5.3588e-01
6.7423e+00 5.7409e-01
6.7465e+00 6.1808e-01
6.7506e+00 6.7772e-01
6.7548e+00 7.2350e-01
6.7589e+00 7.5070e-01
6.7631e+00 7.4729e-01
6.7673e+00 7.2864e-01
6.7714e+00 6.8809e-01
6.7756e+00 6.5052e-01
6.7798e+00 6.0999e-01
6.7839e+00 5.6660e-01
6.7881e+00 5.2611e-01
6.7923e+00 5.0337e-01
6.7964e+00 4.9224e-01
6.8006e+00 4.9336e-01
6.8048e+00 4.8192e-01
6.8089e+00 4.7532e-01
6.8131e+00 4.6410e-01
6.8173e+00 4.5934e-01
6.8214e+00 4.5251e-01
6.8256e+00 4.4987e-01
6.8298e+00 4.6051e-01
6.8339e+00 4.6659e-01
6.8381e+00 4.7025e-01
6.8423e+00 4.7837e-01
6.8464e+00 4.7769e-01
6.8506e+00 4.7895e-01
6.8548e+00 4.8076e-01
6.8589e+00 4.8488e-01
6.8631e+00 4.9636e-01
6.8673e+00 5.2094e-01
6.8714e+00 5.3933e-01
6.8756e+00 5.7150e-01
6.8798e+00 6.0566e-01
6.8839e+00 6.5692e-01
6.8881e+00 7.4438e-01
6.8922e+00 8.5278e-01
6.8964e+00 9.7566e-01
6.9006e+00 1.1100e+00
6.9047e+00 1.2414e+00
6.9089e+00 1.3673e+00
6.9131e+00 1.4623e+00
6.9172e+00 1.5135e+00
6.9214e+00 1.5114e+00
6.9256e+00 1.4355e+00
6.9297e+00 1.3305e+00
6.9339e+00 1.1731e+00
6.9381e+00 9.9536e-01
6.9422e+00 8.5232e-01
6.9464e+00 7.3470e-01
6.9506e+00 6.5990e-01
6.9547e+00 5.9606e-01
6.9589e+00 5.5686e-01
6.9631e+00 5.3322e-01
6.9672e+00 5.1632e-01
6.9714e+00 5.0806e-01
6.9756e+00 5.0114e-01
6.9797e+00 4.9292e-01
6.9839e+00 4.9369e-01
6.9881e+00 4.8423e-01
6.9922e+00 4.8257e-01
6.9964e+00 4.8162e-01
7.0006e+00 4.7763e-01
7.0047e+00 4.7631e-01
7.0089e+00 4.6922e-01
7.0131e+00 4.6846e-01
7.0172e+00 4.7458e-01
7.0214e+00 4.7797e-01
7.0256e+00 4.8330e-01
7.0297e+00 4.8325e-01
7.0339e+00 4.7994e-01
7.0381e+00 4.8080e-01
7.0422e+00 4.8348e-01
7.0464e+00 4.7650e-01
7.0506e+00 4.7461e-01
7.0547e+00 4.7648e-01
7.0589e+00 4.8525e-01
7.0631e+00 4.9406e-01
7.0672e+00 5.0573e-01
7.0714e+00 5.1551e-01
7.0756e+00 4.9397e-01
7.0797e+00 4.8064e-01
7.0839e+00 4.7000e-01
7.0880e+00 4.8617e-01
7.0922e+00 4.9169e-01
7.0964e+00 4.8934e-01
7.1005e+00 4.8807e-01
7.1047e+00 4.8411e-01
7.1089e+00 4.9103e-01
7.1130e+00 4.9473e-01
7.1172e+00 4.8356e-01
7.1214e+00 4.8289e-01
7.1255e+00 4.8598e-01
7.1297e+00 4.9365e-01
7.1339e+00 4.9028e-01
7.1380e+00 4.9178e-01
7.1422e+00 4.9187e-01
7.1464e+00 4.8173e-01
7.1505e+00 4.8669e-01
7.1547e+00 4.9722e-01
7.1589e+00 5.0276e-01
7.1630e+00 4.9924e-01
7.1672e+00 4.9089e-01
7.1714e+00 4.9575e-01
7.1755e+00 4.9745e-01
7.1797e+00 4.9861e-01
7.1839e+00 5.0148e-01
7.1880e+00 5.0088e-01
7.1922e+00 4.9549e-01
7.1964e+00 4.8598e-01
7.2005e+00 4.9560e-01
7.2047e+00 4.9446e-01
7.2089e+00 5.0141e-01
7.2130e+00 5.0145e-01
7.2172e+00 5.0598e-01
7.2214e+00 5.0278e-01
7.2255e+00 5.0350e-01
7.2297e+00 5.0055e-01
7.2339e+00 5.0502e-01
7.2380e+00 5.1181e-01
7.2422e+00 5.0557e-01
7.2464e+00 5.1344e-01
7.2505e+00 5.2029e-01
7.2547e+00 5.1459e-01
7.2589e+00 5.0790e-01
7.2630e+00 5.2087e-01
7.2672e+00 5.1816e-01
7.2714e+00 5.3312e-01
7.2755e+00 5.3106e-01
7.2797e+00 5.1672e-01
7.2839e+00 5.1181e-01
7.2880e+00 5.1355e-01
7.2922e+00 5.1552e-01
7.2964e+00 5.1772e-01
7.3005e+00 5.1684e-01
7.3047e+00 5.3234e-01
7.3089e+00 5.3602e-01
7.3130e+00 5.3317e-01
7.3172e+00 5.3351e-01
7.3214e+00 5.3099e-01
7.3255e+00 5.4067e-01
7.3297e+00 5.4515e-01
7.3339e+00 5.5413e-01
7.3380e+00 5.5352e-01
7.3422e+00 5.4689e-01
7.3464e+00 5.4364e-01
7.3505e+00 5.4373e-01
7.3547e+00 5.6319e-01
7.3589e+00 5.7226e-01
7.3630e+00 5.7170e-01
7.3672e+00 5.7038e-01
7.3714e+00 5.9009e-01
7.3755e+00 6.0485e-01
7.3797e+00 6.0734e-01
7.3839e+00 6.1427e-01
7.3880e+00 6.3656e-01
7.3922e+00 6.7319e-01
7.3964e+00 7.0911e-01
7.4005e+00 7.6500e-01
7.4047e+00 8.3743e-01
7.4089e+00 9.3228e-01
7.4130e+00 1.0746e+00
7.4172e+00 1.2957e+00
7.4214e+00 1.6332e+00
7.4255e+00 2.1123e+00
7.4297e+00 2.7321e+00
7.4339e+00 3.4580e+00
7.4380e+00 4.1721e+00
7.4422e+00 4.7490e+00
7.4464e+00 5.0318e+00
7.4505e+00 4.9706e+00
7.4547e+00 4.5578e+00
7.4589e+00 3.9216e+00
7.4630e+00 3.1936e+00
7.4672e+00 2.5273e+00
7.4714e+00 1.9733e+00
7.4755e+00 1.5954e+00
7.4797e+00 1.3478e+00
7.4839e+00 1.1909e+00
7.4880e+00 1.1052e+00
7.4922e+00 1.0647e+00
7.4964e+00 1.0784e+00
7.5005e+00 1.1503e+00
7.5047e+00 1.2743e+00
7.5089e+00 1.4699e+00
7.5131e+00 1.7588e+00
7.5172e+00 2.1900e+00
7.5214e+00 2.7708e+00
7.5256e+00 3.4617e+00
7.5297e+00 4.1929e+00
7.5339e+00 4.8553e+00
7.5381e+00 5.3213e+00
7.5422e+00 5.4421e+00
7.5464e+00 5.2155e+00
7.5506e+00 4.7033e+00
7.5547e+00 4.0161e+00
7.5589e+00 3.3248e+00
7.5631e+00 2.7120e+00
7.5672e+00 2.2674e+00
7.5714e+00 1.9901e+00
7.5756e+00 1.8627e+00
7.5797e+00 1.8854e+00
7.5839e+00 2.0815e+00
7.5881e+00 2.5022e+00
7.5922e+00 3.1647e+00
7.5964e+00 4.0553e+00
7.6006e+00 5.1325e+00
7.6047e+00 6.2144e+00
7.6089e+00 7.0936e+00
7.6131e+00 7.5364e+00
7.6172e+00 7.4493e+00
7.6214e+00 6.8434e+00
7.6256e+00 5.8627e+00
7.6297e+00 4.7281e+00
7.6339e+00 3.6615e+00
7.6381e+00 2.7768e+00
7.6422e+00 2.1129e+00
7.6464e+00 1.6478e+00
7.6506e+00 1.3324e+00
7.6547e+00 1.1153e+00
7.6589e+00 9.8590e-01
7.6631e+00 8.8727e-01
7.6672e+00 8.1396e-01
7.6714e+00 7.6638e-01
7.6756e+00 7.3427e-01
7.6797e+00 7.0657e-01
7.6839e+00 6.8454e-01
7.6881e+00 6.6829e-01
7.6922e+00 6.4984e-01
7.6964e+00 6.3220e-01
7.7006e+00 6.2394e-01
7.7048e+00 6.0815e-01
7.7089e+00 5.9896e-01
7.7131e+00 6.0202e-01
7.7173e+00 5.9395e-01
7.7214e+00 5.8811e-01
7.7256e+00 5.8209e-01
7.7298e+00 5.6634e-01
7.7339e+00 5.7341e-01
7.7381e+00 5.7753e-01
7.7423e+00 5.7140e-01
7.7464e+00 5.6392e-01
7.7506e+00 5.6245e-01
7.7548e+00 5.5730e-01
7.7589e+00 5.5241e-01
7.7631e+00 5.5084e-01
7.7673e+00 5.6174e-01
7.7714e+00 5.6574e-01
7.7756e+00 5.6117e-01
7.7798e+00 5.6254e-01
7.7839e+00 5.6033e-01
7.7881e+00 5.6061e-01
7.7923e+00 5.6597e-01
7.7964e+00 5.5968e-01
7.8006e+00 5.6251e-01
7.8048e+00 5.7676e-01
7.8089e+00 5.9670e-01
7.8131e+00 6.2464e-01
7.8173e+00 6.5363e-01
7.8214e+00 6.7176e-01
7.8256e+00 6.9015e-01
7.8298e+00 6.9958e-01
7.8340e+00 6.9591e-01
7.8381e+00 6.9059e-01
7.8423e+00 6.6532e-01
7.8465e+00 6.4003e-01
7.8506e+00 6.2373e-01
7.8548e+00 6.0319e-01
7.8590e+00 5.7919e-01
7.8631e+00 5.6653e-01
7.8673e+00 5.6630e-01
7.8715e+00 5.6482e-01
7.8756e+00 5.5425e-01
7.8798e+00 5.5117e-01
7.8840e+00 5.5515e-01
7.8881e+00 5.5583e-01
7.8923e+00 5.5758e-01
7.8965e+00 5.5368e-01
7.9006e+00 5.5903e-01
7.9048e+00 5.6383e-01
7.9090e+00 5.5933e-01
7.9131e+00 5.5933e-01
7.9173e+00 5.6209e-01
7.9215e+00 5.6256e-01
7.9257e+00 5.6231e-01
7.9298e+00 5.6810e-01
7.9340e+00 5.6683e-01
7.9382e+00 5.7186e-01
7.9423e+00 5.7583e-01
7.9465e+00 5.7402e-01
7.9507e+00 5.8231e-01
7.9548e+00 5.9431e-01
7.9590e+00 6.1013e-01
7.9632e+00 5.9871e-01
7.9673e+00 5.9136e-01
7.9715e+00 6.0046e-01
7.9757e+00 6.2231e-01
7.9798e+00 6.2890e-01
7.9840e+00 6.2918e-01
7.9882e+00 6.4425e-01
7.9923e+00 6.4845e-01
7.9965e+00 6.5676e-01
8.0007e+00 6.7621e-01
8.0048e+00 6.9266e-01
8.0090e+00 7.1975e-01
8.0132e+00 7.3666e-01
8.0174e+00 7.5923e-01
8.0215e+00 7.9811e-01
8.0257e+00 8.4480e-01
8.0299e+00 8.9543e-01
8.0340e+00 9.6319e-01
8.0382e+00 1.0318e+00
8.0424e+00 1.1277e+00
8.0465e+00 1.2571e+00
8.0507e+00 1.4158e+00
8.0549e+00 1.6066e+00
8.0590e+00 1.8625e+00
8.0632e+00 2.1764e+00
8.0674e+00 2.5636e+00
8.0715e+00 3.0110e+00
8.0757e+00 3.5077e+00
8.0799e+00 4.0402e+00
8.0840e+00 4.5351e+00
8.0882e+00 4.9661e+00
8.0924e+00 5.2582e+00
8.0966e+00 5.3752e+00
8.1007e+00 5.3091e+00
8.1049e+00 5.0772e+00
8.1091e+00 4.7031e+00
8.1132e+00 4.2506e+00
8.1174e+00 3.7808e+00
8.1216e+00 3.3491e+00
8.1257e+00 2.9953e+00
8.1299e+00 2.7318e+00
8.1341e+00 2.5713e+00
8.1382e+00 2.5278e+00
8.1424e+00 2.6205e+00
8.1466e+00 2.8506e+00
8.1507e+00 3.2682e+00
8.1549e+00 3.9209e+00
8.1591e+00 4.8620e+00
8.1633e+00 6.1239e+00
8.1674e+00 7.6178e+00
8.1716e+00 9.2596e+00
8.1758e+00 1.0795e+01
8.1799e+00 1.2037e+01
8.1841e+00 1.2692e+01
8.1883e+00 1.2674e+01
8.1924e+00 1.1966e+01
8.1966e+00 1.0710e+01
8.2008e+00 9.1305e+00
8.2049e+00 7.4787e+00
8.2091e+00 5.9318e+00
8.2133e+00 4.6304e+00
8.2175e+00 3.5980e+00
8.2216e+00 2.8386e+00
8.2258e+00 2.2831e+00
8.2300e+00 1.8794e+00
8.2341e+00 1.5872e+00
8.2383e+00 1.3619e+00
8.2425e+00 1.2055e+00
8.2466e+00 1.0970e+00
8.2508e+00 1.0114e+00
8.2550e+00 9.3270e-01
8.2591e+00 8.8047e-01
8.2633e+00 8.3551e-01
8.2675e+00 7.9078e-01
8.2716e+00 7.5900e-01
8.2758e+00 7.3340e-01
8.2800e+00 7.1326e-01
8.2842e+00 6.9886e-01
8.2883e+00 6.9477e-01
8.2925e+00 6.8759e-01
8.2967e+00 6.8312e-01
8.3008e+00 6.7642e-01
8.3050e+00 6.6885e-01
8.3092e+00 6.6994e-01
8.3133e+00 6.6395e-01
8.3175e+00 6.6574e-01
8.3217e+00 6.6893e-01
8.3258e+00 6.7316e-01
8.3300e+00 6.8793e-01
8.3342e+00 6.9616e-01
8.3384e+00 7.0933e-01
8.3425e+00 7.2787e-01
8.3467e+00 7.5393e-01
8.3509e+00 7.8907e-01
8.3550e+00 8.3824e-01
8.3592e+00 9.1373e-01
8.3634e+00 1.0231e+00
8.3675e+00 1.1803e+00
8.3717e+00 1.3969e+00
8.3759e+00 1.6652e+00
8.3800e+00 2.0135e+00
8.3842e+00 2.4300e+00
8.3884e+00 2.8544e+00
8.3926e+00 3.2188e+00
8.3967e+00 3.4816e+00
8.4009e+00 3.5809e+00
8.4051e+00 3.5034e+00
8.4092e+00 3.2885e+00
8.4134e+00 3.0091e+00
8.4176e+00 2.7476e+00
8.4217e+00 2.5675e+00
8.4259e+00 2.5100e+00
8.4301e+00 2.5720e+00
8.4342e+00 2.7035e+00
8.4384e+00 2.8306e+00
8.4426e+00 2.9094e+00
8.4468e+00 2.8986e+00
8.4509e+00 2.7843e+00
8.4551e+00 2.6078e+00
8.4593e+00 2.4273e+00
8.4634e+00 2.2683e+00
8.4676e+00 2.1486e+00
8.4718e+00 2.0714e+00
8.4759e+00 1.9907e+00
8.4801e+00 1.8847e+00
8.4843e+00 1.7360e+00
8.4885e+00 1.5562e+00
8.4926e+00 1.3620e+00
8.4968e+00 1.1656e+00
8.5010e+00 1.0067e+00
8.5051e+00 8.8629e-01
8.5093e+00 7.9845e-01
8.5135e+00 7.4318e-01
8.5176e+00 6.9858e-01
8.5218e+00 6.6732e-01
8.5260e+00 6.4193e-01
8.5302e+00 6.2908e-01
8.5343e+00 5.9853e-01
8.5385e+00 5.8384e-01
8.5427e+00 5.8197e-01
8.5468e+00 5.7768e-01
8.5510e+00 5.7041e-01
8.5552e+00 5.7416e-01
8.5593e+00 5.7468e-01
8.5635e+00 5.7392e-01
8.5677e+00 5.6587e-01
8.5718e+00 5.6362e-01
8.5760e+00 5.6629e-01
8.5802e+00 5.4711e-01
8.5844e+00 5.4171e-01
8.5885e+00 5.4960e-01
8.5927e+00 5.5501e-01
8.5969e+00 5.4837e-01
8.6010e+00 5.5509e-01
8.6052e+00 5.5395e-01
8.6094e+00 5.4227e-01
8.6135e+00 5.3959e-01
8.6177e+00 5.4636e-01
8.6219e+00 5.5147e-01
8.6261e+00 5.4597e-01
8.6302e+00 5.4204e-01
8.6344e+00 5.4061e-01
8.6386e+00 5.3764e-01
8.6427e+00 5.3953e-01
8.6469e+00 5.3746e-01
8.6511e+00 5.3441e-01
8.6552e+00 5.4783e-01
8.6594e+00 5.4228e-01
8.6636e+00 5.3773e-01
8.6678e+00 5.2876e-01
8.6719e+00 5.2616e-01
8.6761e+00 5.4208e-01
8.6803e+00 5.4386e-01
8.6844e+00 5.4381e-01
8.6886e+00 5.3774e-01
8.6928e+00 5.3386e-01
8.6970e+00 5.3790e-01
8.7011e+00 5.3700e-01
8.7053e+00 5.5438e-01
8.7095e+00 5.5107e-01
8.7136e+00 5.3829e-01
8.7178e+00 5.4744e-01
8.7220e+00 5.5081e-01
8.7261e+00 5.5571e-01
8.7303e+00 5.6572e-01
8.7345e+00 5.6919e-01
8.7387e+00 5.7950e-01
8.7428e+00 6.0316e-01
8.7470e+00 6.2524e-01
8.7512e+00 6.4557e-01
8.7553e+00 6.8938e-01
8.7595e+00 7.3568e-01
8.7637e+00 8.0191e-01
8.7678e+00 8.6905e-01
8.7720e+00 9.5874e-01
8.7762e+00 1.0695e+00
8.7804e+00 1.1926e+00
8.7845e+00 1.3173e+00
8.7887e+00 1.4483e+00
8.7929e+00 1.5520e+00
8.7970e+00 1.6389e+00
8.8012e+00 1.6923e+00
8.8054e+00 1.7497e+00
8.8096e+00 1.8608e+00
8.8137e+00 2.0617e+00
8.8179e+00 2.3906e+00
8.8221e+00 2.8734e+00
8.8262e+00 3.5056e+00
8.8304e+00 4.2360e+00
8.8346e+00 4.9664e+00
8.8387e+00 5.5616e+00
8.8429e+00 5.9231e+00
8.8471e+00 5.9697e+00
8.8513e+00 5.6778e+00
8.8554e+00 5.1140e+00
8.8596e+00 4.3903e+00
8.8638e+00 3.6069e+00
8.8679e+00 2.8816e+00
8.8721e+00 2.2771e+00
8.8763e+00 1.8000e+00
8.8805e+00 1.4424e+00
8.8846e+00 1.1960e+00
8.8888e+00 1.0226e+00
8.8930e+00 9.0383e-01
8.8971e+00 8.1034e-01
8.9013e+00 7.3531e-01
8.9055e+00 6.7821e-01
8.9096e+00 6.4468e-01
8.9138e+00 6.1346e-01
8.9180e+00 5.8884e-01
8.9222e+00 5.7555e-01
8.9263e+00 5.7812e-01
8.9305e+00 5.5589e-01
8.9347e+00 5.3687e-01
8.9388e+00 5.2255e-01
8.9430e+00 5.1726e-01
8.9472e+00 5.1976e-01
8.9514e+00 5.1283e-01
8.9555e+00 5.0559e-01
8.9597e+00 5.0555e-01
8.9639e+00 5.0213e-01
8.9680e+00 4.9833e-01
8.9722e+00 4.9464e-01
8.9764e+00 5.0612e-01
8.9806e+00 5.1239e-01
8.9847e+00 5.1227e-01
8.9889e+00 5.0448e-01
8.9931e+00 5.0522e-01
8.9972e+00 5.1082e-01
9.0014e+00 5.1008e-01
9.0056e+00 5.3220e-01
9.0098e+00 5.5347e-01
9.0139e+00 5.6158e-01
9.0181e+00 5.6647e-01
9.0223e+00 5.6592e-01
9.0264e+00 5.5787e-01
9.0306e+00 5.4599e-01
9.0348e+00 5.4317e-01
9.0389e+00 5.3839e-01
9.0431e+00 5.2429e-01
9.0473e+00 5.0599e-01
9.0515e+00 4.8915e-01
9.0556e+00 4.8480e-01
9.0598e+00 4.8006e-01
9.0640e+00 4.8538e-01
9.0681e+00 4.9062e-01
9.0723e+00 4.9859e-01
9.0765e+00 5.0623e-01
9.0807e+00 5.2109e-01
9.0848e+00 5.4477e-01
9.0890e+00 5.7349e-01
9.0932e+00 6.2040e-01
9.0973e+00 6.8551e-01
9.1015e+00 7.5153e-01
9.1057e+00 8.3278e-01
9.1099e+00 9.0667e-01
9.1140e+00 9.8813e-01
9.1182e+00 1.0338e+00
9.1224e+00 1.0541e+00
9.1265e+00 1.0405e+00
9.1307e+00 9.7884e-01
9.1349e+00 8.9704e-01
9.1391e+00 8.1009e-01
9.1432e+00 7.3770e-01
9.1474e+00 6.7754e-01
9.1516e+00 6.3407e-01
9.1557e+00 6.0464e-01
9.1599e+00 5.7759e-01
9.1641e+00 5.6409e-01
9.1683e+00 5.7361e-01
9.1724e+00 5.9044e-01
9.1766e+00 6.0688e-01
9.1808e+00 6.2851e-01
9.1849e+00 6.6786e-01
9.1891e+00 7.0663e-01
9.1933e+00 7.7013e-01
9.1975e+00 8.5014e-01
9.2016e+00 9.5890e-01
9.2058e+00 1.1153e+00
9.2100e+00 1.3306e+00
9.2141e+00 1.6106e+00
9.2183e+00 1.9999e+00
9.2225e+00 2.4336e+00
9.2267e+00 2.9166e+00
9.2308e+00 3.3571e+00
9.2350e+00 3.7047e+00
9.2392e+00 3.8805e+00
9.2434e+00 3.8567e+00
9.2475e+00 3.6438e+00
9.2517e+00 3.2993e+00
9.2559e+00 2.8595e+00
9.2600e+00 2.4283e+00
9.2642e+00 2.0437e+00
9.2684e+00 1.7662e+00
9.2726e+00 1.5743e+00
9.2767e+00 1.4680e+00
9.2809e+00 1.4317e+00
9.2851e+00 1.4583e+00
9.2892e+00 1.5305e+00
9.2934e+00 1.6227e+00
9.2976e+00 1.7067e+00
9.3018e+00 1.7752e+00
9.3059e+00 1.8511e+00
9.3101e+00 1.9262e+00
9.3143e+00 2.0244e+00
9.3184e+00 2.1408e+00
9.3226e+00 2.2977e+00
9.3268e+00 2.4949e+00
9.3310e+00 2.7334e+00
9.3351e+00 3.0175e+00
9.3393e+00 3.3399e+00
9.3435e+00 3.6573e+00
9.3477e+00 3.9138e+00
9.3518e+00 4.1152e+00
9.3560e+00 4.2220e+00
9.3602e+00 4.1977e+00
9.3643e+00 4.0796e+00
9.3685e+00 3.8606e+00
9.3727e+00 3.5751e+00
9.3769e+00 3.2218e+00
9.3810e+00 2.8534e+00
9.3852e+00 2.4769e+00
9.3894e+00 2.1288e+00
9.3935e+00 1.8204e+00
9.3977e+00 1.5551e+00
9.4019e+00 1.3287e+00
9.4061e+00 1.1527e+00
9.4102e+00 1.0170e+00
9.4144e+00 9.1339e-01
9.4186e+00 8.3940e-01
9.4228e+00 7.7760e-01
9.4269e+00 7.2810e-01
9.4311e+00 6.9090e-01
9.4353e+00 6.5787e-01
9.4394e+00 6.4088e-01
9.4436e+00 6.2806e-01
9.4478e+00 6.2283e-01
9.4520e+00 6.1327e-01
9.4561e+00 6.0386e-01
9.4603e+00 5.9984e-01
9.4645e+00 5.9995e-01
9.4686e+00 6.1689e-01
9.4728e+00 6.2249e-01
9.4770e+00 6.3648e-01
9.4812e+00 6.5705e-01
9.4853e+00 6.8718e-01
9.4895e+00 7.3993e-01
9.4937e+00 8.1189e-01
9.4979e+00 9.0801e-01
9.5020e+00 1.0313e+00
9.5062e+00 1.1708e+00
9.5104e+00 1.3286e+00
9.5145e+00 1.4836e+00
9.5187e+00 1.6032e+00
9.5229e+00 1.6814e+00
9.5271e+00 1.7167e+00
9.5312e+00 1.7274e+00
9.5354e+00 1.7191e+00
9.5396e+00 1.7027e+00
9.5438e+00 1.7331e+00
9.5479e+00 1.8369e+00
9.5521e+00 2.0173e+00
9.5563e+00 2.2998e+00
9.5604e+00 2.7188e+00
9.5646e+00 3.3169e+00
9.5688e+00 4.1251e+00
9.5730e+00 5.1829e+00
9.5771e+00 6.5138e+00
9.5813e+00 8.0915e+00
9.5855e+00 9.8287e+00
9.5897e+00 1.1504e+01
9.5938e+00 1.2965e+01
9.5980e+00 1.3929e+01
9.6022e+00 1.4276e+01
9.6063e+00 1.3944e+01
9.6105e+00 1.3003e+01
9.6147e+00 1.1579e+01
9.6189e+00 9.8982e+00
9.6230e+00 8.1541e+00
9.6272e+00 6.5557e+00
9.6314e+00 5.1784e+00
9.6356e+00 4.0992e+00
9.6397e+00 3.2727e+00
9.6439e+00 2.6846e+00
9.6481e+00 2.2429e+00
9.6522e+00 1.9252e+00
9.6564e+00 1.7068e+00
9.6606e+00 1.5180e+00
9.6648e+00 1.4055e+00
9.6689e+00 1.3282e+00
9.6731e+00 1.2644e+00
9.6773e+00 1.2399e+00
9.6815e+00 1.2559e+00
9.6856e+00 1.2894e+00
9.6898e+00 1.3560e+00
9.6940e+00 1.4563e+00
9.6982e+00 1.5400e+00
9.7023e+00 1.5965e+00
9.7065e+00 1.6115e+00
9.7107e+00 1.5633e+00
9.7148e+00 1.4669e+00
9.7190e+00 1.3370e+00
9.7232e+00 1.1862e+00
9.7274e+00 1.0356e+00
9.7315e+00 9.0023e-01
9.7357e+00 8.0084e-01
9.7399e+00 7.2857e-01
9.7441e+00 6.7208e-01
9.7482e+00 6.2136e-01
9.7524e+00 6.0255e-01
9.7566e+00 5.9748e-01
9.7607e+00 5.8172e-01
9.7649e+00 5.7099e-01
9.7691e+00 5.7527e-01
9.7733e+00 5.9049e-01
9.7774e+00 5.9660e-01
9.7816e+00 6.0087e-01
9.7858e+00 6.0962e-01
9.7900e+00 6.3046e-01
9.7941e+00 6.6295e-01
9.7983e+00 7.0897e-01
9.8025e+00 7.5630e-01
9.8067e+00 8.1599e-01
9.8108e+00 9.0657e-01
9.8150e+00 1.0284e+00
9.8192e+00 1.1806e+00
9.8234e+00 1.4149e+00
9.8275e+00 1.6944e+00
9.8317e+00 2.0258e+00
9.8359e+00 2.4065e+00
9.8400e+00 2.7890e+00
9.8442e+00 3.1276e+00
9.8484e+00 3.3798e+00
9.8526e+00 3.4817e+00
9.8567e+00 3.4168e+00
9.8609e+00 3.2158e+00
9.8651e+00 2.9113e+00
9.8693e+00 2.5467e+00
9.8734e+00 2.1709e+00
9.8776e+00 1.8187e+00
9.8818e+00 1.5099e+00
9.8860e+00 1.2565e+00
9.8901e+00 1.0644e+00
9.8943e+00 9.3120e-01
9.8985e+00 8.1963e-01
9.9027e+00 7.3962e-01
9.9068e+00 6.9189e-01
9.9110e+00 6.5408e-01
9.9152e+00 6.2122e-01
9.9193e+00 5.9495e-01
9.9235e+00 5.7914e-01
9.9277e+00 5.7570e-01
9.9319e+00 5.6702e-01
9.9360e+00 5.6568e-01
9.9402e+00 5.6313e-01
9.9444e+00 5.6488e-01
9.9486e+00 5.6884e-01
9.9527e+00 5.7987e-01
9.9569e+00 5.9469e-01
9.9611e+00 6.1742e-01
9.9653e+00 6.4190e-01
9.9694e+00 6.8312e-01
9.9736e+00 7.2692e-01
9.9778e+00 7.8516e-01
9.9820e+00 8.6405e-01
9.9861e+00 9.8695e-01
9.9903e+00 1.1617e+00
9.9945e+00 1.3847e+00
9.9987e+00 1.7156e+00
1.0003e+01 2.1525e+00
1.0007e+01 2.7349e+00
1.0011e+01 3.4513e+00
1.0015e+01 4.2695e+00
1.0020e+01 5.1106e+00
1.0024e+01 5.8515e+00
1.0028e+01 6.3989e+00
1.0032e+01 6.6237e+00
1.0036e+01 6.5394e+00
1.0040e+01 6.1247e+00
1.0045e+01 5.4664e+00
1.0049e+01 4.6638e+00
1.0053e+01 3.8391e+00
1.0057e+01 3.0635e+00
1.0061e+01 2.4267e+00
1.0065e+01 1.9000e+00
1.0070e+01 1.5192e+00
1.0074e+01 1.2328e+00
1.0078e+01 1.0319e+00
1.0082e+01 8.9392e-01
1.0086e+01 8.0617e-01
1.0090e+01 7.2330e-01
1.0095e+01 6.5190e-01
1.0099e+01 6.1853e-01
1.0103e+01 5.8870e-01
1.0107e+01 5.6298e-01
1.0111e+01 5.2915e-01
1.0116e+01 5.1984e-01
1.0120e+01 5.1241e-01
1.0124e+01 4.9316e-01
1.0128e+01 4.7920e-01
1.0132e+01 4.7730e-01
1.0136e+01 4.7249e-01
1.0141e+01 4.6823e-01
1.0145e+01 4.6892e-01
1.0149e+01 4.7094e-01
1.0153e+01 4.6554e-01
1.0157e+01 4.6531e-01
1.0161e+01 4.5952e-01
1.0166e+01 4.6171e-01
1.0170e+01 4.5869e-01
1.0174e+01 4.5660e-01
1.0178e+01 4.5874e-01
1.0182e+01 4.5371e-01
1.0187e+01 4.5075e-01
1.0191e+01 4.4915e-01
1.0195e+01 4.5223e-01
1.0199e+01 4.5109e-01
1.0203e+01 4.5474e-01
1.0207e+01 4.5299e-01
1.0212e+01 4.5636e-01
1.0216e+01 4.6180e-01
1.0220e+01 4.7286e-01
1.0224e+01 4.8467e-01
1.0228e+01 4.9218e-01
1.0232e+01 5.0208e-01
1.0237e+01 5.2240e-01
1.0241e+01 5.5502e-01
1.0245e+01 5.9545e-01
1.0249e+01 6.5631e-01
1.0253e+01 7.3691e-01
1.0257e+01 8.5315e-01
1.0262e+01 9.7463e-01
1.0266e+01 1.1708e+00
1.0270e+01 1.3783e+00
1.0274e+01 1.6412e+00
1.0278e+01 1.8540e+00
1.0283e+01 2.0775e+00
1.0287e+01 2.2169e+00
1.0291e+01 2.2832e+00
1.0295e+01 2.2363e+00
1.0299e+01 2.1039e+00
1.0303e+01 1.8872e+00
1.0308e+01 1.6607e+00
1.0312e+01 1.4008e+00
1.0316e+01 1.1992e+00
1.0320e+01 1.0044e+00
1.0324e+01 8.6843e-01
1.0328e+01 7.5810e-01
1.0333e+01 6.7956e-01
1.0337e+01 6.1543e-01
1.0341e+01 5.6655e-01
1.0345e+01 5.3587e-01
1.0349e+01 5.1749e-01
1.0353e+01 5.0771e-01
1.0358e+01 5.0012e-01
1.0362e+01 5.0859e-01
1.0366e+01 5.1150e-01
1.0370e+01 5.1600e-01
1.0374e+01 5.1916e-01
1.0379e+01 5.2736e-01
1.0383e+01 5.3844e-01
1.0387e+01 5.5935e-01
1.0391e+01 5.8333e-01
1.0395e+01 6.1715e-01
1.0399e+01 6.5113e-01
1.0404e+01 6.9464e-01
1.0408e+01 7.4528e-01
1.0412e+01 8.1729e-01
1.0416e+01 9.0207e-01
1.0420e+01 9.9439e-01
1.0424e+01 1.1082e+00
1.0429e+01 1.2400e+00
1.0433e+01 1.3979e+00
1.0437e+01 1.5581e+00
1.0441e+01 1.7350e+00
1.0445e+01 1.8980e+00
1.0450e+01 2.0504e+00
1.0454e+01 2.1830e+00
1.0458e+01 2.2861e+00
1.0462e+01 2.3761e+00
1.0466e+01 2.4351e+00
1.0470e+01 2.4904e+00
1.0475e+01 2.5389e+00
1.0479e+01 2.5668e+00
1.0483e+01 2.5708e+00
1.0487e+01 2.5334e+00
1.0491e+01 2.4466e+00
1.0495e+01 2.3018e+00
1.0500e+01 2.1045e+00
1.0504e+01 1.8607e+00
1.0508e+01 1.6174e+00
1.0512e+01 1.3782e+00
1.0516e+01 1.1710e+00
1.0521e+01 9.9035e-01
1.0525e+01 8.4301e-01
1.0529e+01 7.3577e-01
1.0533e+01 6.6730e-01
1.0537e+01 6.0982e-01
1.0541e+01 5.6822e-01
1.0546e+01 5.3240e-01
1.0550e+01 5.1100e-01
1.0554e+01 4.9753e-01
1.0558e+01 4.8754e-01
1.0562e+01 4.7340e-01
1.0566e+01 4.6349e-01
1.0571e+01 4.5216e-01
1.0575e+01 4.4676e-01
1.0579e+01 4.3870e-01
1.0583e+01 4.3483e-01
1.0587e+01 4.3911e-01
1.0592e+01 4.4116e-01
1.0596e+01 4.4722e-01
1.0600e+01 4.4503e-01
1.0604e+01 4.5963e-01
1.0608e+01 4.6212e-01
1.0612e+01 4.7072e-01
1.0617e+01 4.8977e-01
1.0621e+01 5.1976e-01
1.0625e+01 5.3977e-01
1.0629e+01 5.6048e-01
1.0633e+01 5.9527e-01
1.0637e+01 6.4871e-01
1.0642e+01 7.1990e-01
1.0646e+01 8.0323e-01
1.0650e+01 8.9106e-01
1.0654e+01 9.8237e-01
1.0658e+01 1.0588e+00
1.0663e+01 1.1239e+00
1.0667e+01 1.1512e+00
1.0671e+01 1.1434e+00
1.0675e+01 1.1097e+00
1.0679e+01 1.0479e+00
1.0683e+01 9.6449e-01
1.0688e+01 8.7191e-01
1.0692e+01 7.7636e-01
1.0696e+01 6.9405e-01
1.0700e+01 6.2995e-01
1.0704e+01 5.8086e-01
1.0708e+01 5.3078e-01
1.0713e+01 4.8835e-01
1.0717e+01 4.6243e-01
1.0721e+01 4.5331e-01
1.0725e+01 4.4687e-01
1.0729e+01 4.4498e-01
1.0734e+01 4.3429e-01
1.0738e+01 4.2408e-01
1.0742e+01 4.1921e-01
1.0746e+01 4.2187e-01
1.0750e+01 4.1952e-01
1.0754e+01 4.1629e-01
1.0759e+01 4.1195e-01
1.0763e+01 3.9941e-01
1.0767e+01 4.0421e-01
1.0771e+01 4.1178e-01
1.0775e+01 4.0892e-01
1.0779e+01 4.0673e-01
1.0784e+01 4.0362e-01
1.0788e+01 3.9599e-01
1.0792e+01 3.8823e-01
1.0796e+01 3.8181e-01
1.0800e+01 3.8576e-01
1.0805e+01 3.8184e-01
1.0809e+01 3.7951e-01
1.0813e+01 3.8540e-01
1.0817e+01 3.8566e-01
1.0821e+01 3.8290e-01
1.0825e+01 3.8501e-01
1.0830e+01 3.8568e-01
1.0834e+01 3.8200e-01
1.0838e+01 3.8272e-01
1.0842e+01 3.7808e-01
1.0846e+01 3.7729e-01
1.0850e+01 3.7869e-01
1.0855e+01 3.7586e-01
1.0859e+01 3.8599e-01
1.0863e+01 3.9523e-01
1.0867e+01 3.9245e-01
1.0871e+01 3.8019e-01
1.0876e+01 3.7084e-01
1.0880e+01 3.7363e-01
1.0884e+01 3.8388e-01
1.0888e+01 3.8515e-01
1.0892e+01 3.7896e-01
1.0896e+01 3.7468e-01
1.0901e+01 3.8139e-01
1.0905e+01 3.9161e-01
1.0909e+01 3.9043e-01
1.0913e+01 3.8510e-01
1.0917e+01 3.8874e-01
1.0921e+01 3.7820e-01
1.0926e+01 3.6986e-01
1.0930e+01 3.7298e-01
1.0934e+01 3.8190e-01
1.0938e+01 3.8106e-01
1.0942e+01 3.7732e-01
1.0947e+01 3.8259e-01
1.0951e+01 3.8265e-01
1.0955e+01 3.7531e-01
1.0959e+01 3.7364e-01
1.0963e+01 3.8191e-01
1.0967e+01 3.8551e-01
1.0972e+01 3.7709e-01
1.0976e+01 3.7376e-01
1.0980e+01 3.6810e-01
1.0984e+01 3.7382e-01
1.0988e+01 3.6560e-01
1.0992e+01 3.7539e-01
1.0997e+01 3.8035e-01
1.1001e+01 3.7317e-01
1.1005e+01 3.7315e-01
1.1009e+01 3.7593e-01
1.1013e+01 3.7666e-01
1.1018e+01 3.7345e-01
1.1022e+01 3.6996e-01
1.1026e+01 3.6946e-01
1.1030e+01 3.7002e-01
1.1034e+01 3.7103e-01
1.1038e+01 3.8038e-01
1.1043e+01 3.7686e-01
1.1047e+01 3.7491e-01
1.1051e+01 3.8369e-01
1.1055e+01 3.8805e-01
1.1059e+01 3.8679e-01
1.1063e+01 3.8796e-01
1.1068e+01 3.9069e-01
1.1072e+01 4.0026e-01
1.1076e+01 3.9487e-01
1.1080e+01 3.9761e-01
1.1084e+01 4.0939e-01
1.1089e+01 4.1646e-01
1.1093e+01 4.2067e-01
1.1097e+01 4.2705e-01
1.1101e+01 4.2724e-01
1.1105e+01 4.3087e-01
1.1109e+01 4.2954e-01
1.1114e+01 4.3414e-01
1.1118e+01 4.3550e-01
1.1122e+01 4.3023e-01
1.1126e+01 4.2716e-01
1.1130e+01 4.2073e-01
1.1135e+01 4.1560e-01
1.1139e+01 4.1889e-01
1.1143e+01 4.1425e-01
1.1147e+01 4.0925e-01
1.1151e+01 4.0795e-01
1.1155e+01 4.1063e-01
1.1160e+01 4.1860e-01
1.1164e+01 4.2908e-01
1.1168e+01 4.4628e-01
1.1172e+01 4.7279e-01
1.1176e+01 5.0807e-01
1.1180e+01 5.4571e-01
1.1185e+01 5.9021e-01
1.1189e+01 6.3625e-01
1.1193e+01 6.7273e-01
1.1197e+01 6.8645e-01
1.1201e+01 7.0174e-01
1.1206e+01 6.9435e-01
1.1210e+01 6.6693e-01
1.1214e+01 6.3595e-01
1.1218e+01 5.8513e-01
1.1222e+01 5.3806e-01
1.1226e+01 5.0242e-01
1.1231e+01 4.7381e-01
1.1235e+01 4.4947e-01
1.1239e+01 4.3064e-01
1.1243e+01 4.2243e-01
1.1247e+01 4.1536e-01
1.1252e+01 4.0772e-01
1.1256e+01 3.9399e-01
1.1260e+01 4.0235e-01
1.1264e+01 3.9324e-01
1.1268e+01 3.9058e-01
1.1272e+01 4.0174e-01
1.1277e+01 4.0074e-01
1.1281e+01 3.9772e-01
1.1285e+01 3.9907e-01
1.1289e+01 3.9852e-01
1.1293e+01 3.9541e-01
1.1297e+01 3.9452e-01
1.1302e+01 3.8937e-01
1.1306e+01 3.8979e-01
1.1310e+01 3.9283e-01
1.1314e+01 3.9808e-01
1.1318e+01 4.0571e-01
1.1323e+01 4.1219e-01
1.1327e+01 4.1217e-01
1.1331e+01 4.1002e-01
1.1335e+01 4.0910e-01
1.1339e+01 4.0617e-01
1.1343e+01 4.0273e-01
1.1348e+01 4.1320e-01
1.1352e+01 4.2384e-01
1.1356e+01 4.1723e-01
1.1360e+01 4.1540e-01
1.1364e+01 4.2053e-01
1.1369e+01 4.4135e-01
1.1373e+01 4.5914e-01
1.1377e+01 4.7560e-01
1.1381e+01 4.9927e-01
1.1385e+01 5.3685e-01
1.1389e+01 5.8362e-01
1.1394e+01 6.1689e-01
1.1398e+01 6.4410e-01
1.1402e+01 6.7222e-01
1.1406e+01 6.9203e-01
1.1410e+01 7.0316e-01
1.1414e+01 7.0666e-01
1.1419e+01 6.9391e-01
1.1423e+01 6.8260e-01
1.1427e+01 6.8623e-01
1.1431e+01 6.9883e-01
1.1435e+01 7.0715e-01
1.1440e+01 7.2563e-01
1.1444e+01 7.5605e-01
1.1448e+01 7.7457e-01
1.1452e+01 7.9550e-01
1.1456e+01 8.0643e-01
1.1460e+01 8.0466e-01
1.1465e+01 8.1094e-01
1.1469e+01 7.9463e-01
1.1473e+01 7.7714e-01
1.1477e+01 7.6672e-01
1.1481e+01 7.5317e-01
1.1486e+01 7.3534e-01
1.1490e+01 7.2544e-01
1.1494e+01 7.3312e-01
1.1498e+01 7.6543e-01
1.1502e+01 8.1383e-01
1.1506e+01 8.8412e-01
1.1511e+01 9.9660e-01
1.1515e+01 1.1297e+00
1.1519e+01 1.2769e+00
1.1523e+01 1.4246e+00
1.1527e+01 1.5501e+00
1.1531e+01 1.6584e+00
1.1536e+01 1.7326e+00
1.1540e+01 1.7812e+00
1.1544e+01 1.8151e+00
1.1548e+01 1.8405e+00
1.1552e+01 1.8769e+00
1.1557e+01 1.9333e+00
1.1561e+01 2.0094e+00
1.1565e+01 2.1223e+00
1.1569e+01 2.2351e+00
1.1573e+01 2.3335e+00
1.1577e+01 2.4398e+00
1.1582e+01 2.4980e+00
1.1586e+01 2.5113e+00
1.1590e+01 2.4577e+00
1.1594e+01 2.4162e+00
1.1598e+01 2.3515e+00
1.1603e+01 2.3242e+00
1.1607e+01 2.3342e+00
1.1611e+01 2.4182e+00
1.1615e+01 2.5733e+00
1.1619e+01 2.7546e+00
1.1623e+01 2.9659e+00
1.1628e+01 3.1401e+00
1.1632e+01 3.2448e+00
1.1636e+01 3.2537e+00
1.1640e+01 3.1540e+00
1.1644e+01 2.9538e+00
1.1649e+01 2.6778e+00
1.1653e+01 2.3616e+00
1.1657e+01 2.0179e+00
1.1661e+01 1.6895e+00
1.1665e+01 1.4025e+00
1.1669e+01 1.1603e+00
1.1674e+01 9.7544e-01
1.1678e+01 8.3773e-01
1.1682e+01 7.3409e-01
1.1686e+01 6.5347e-01
1.1690e+01 6.0462e-01
1.1694e+01 5.6463e-01
1.1699e+01 5.2660e-01
1.1703e+01 5.0826e-01
1.1707e+01 4.9599e-01
1.1711e+01 4.7357e-01
1.1715e+01 4.6042e-01
1.1720e+01 4.4782e-01
1.1724e+01 4.5234e-01
1.1728e+01 4.4715e-01
1.1732e+01 4.3356e-01
1.1736e+01 4.2391e-01
1.1740e+01 4.2345e-01
1.1745e+01 4.2590e-01
1.1749e+01 4.3174e-01
1.1753e+01 4.3417e-01
1.1757e+01 4.2914e-01
1.1761e+01 4.2888e-01
1.1766e+01 4.3005e-01
1.1770e+01 4.2695e-01
1.1774e+01 4.3158e-01
1.1778e+01 4.3415e-01
1.1782e+01 4.3971e-01
1.1786e+01 4.4034e-01
1.1791e+01 4.4997e-01
1.1795e+01 4.5233e-01
1.1799e+01 4.4848e-01
1.1803e+01 4.5225e-01
1.1807e+01 4.4284e-01
1.1812e+01 4.2981e-01
1.1816e+01 4.2805e-01
1.1820e+01 4.3577e-01
1.1824e+01 4.5426e-01
1.1828e+01 4.5705e-01
1.1832e+01 4.6974e-01
1.1837e+01 4.7455e-01
1.1841e+01 4.8972e-01
1.1845e+01 5.0091e-01
1.1849e+01 5.2862e-01
1.1853e+01 5.6389e-01
1.1858e+01 6.0876e-01
1.1862e+01 6.6543e-01
1.1866e+01 7.4334e-01
1.1870e+01 8.2731e-01
1.1874e+01 9.1789e-01
1.1878e+01 1.0058e+00
1.1883e+01 1.0951e+00
1.1887e+01 1.1680e+00
1.1891e+01 1.2314e+00
1.1895e+01 1.2905e+00
1.1899e+01 1.3428e+00
1.1904e+01 1.4067e+00
1.1908e+01 1.4790e+00
1.1912e+01 1.5808e+00
1.1916e+01 1.7002e+00
1.1920e+01 1.8524e+00
1.1924e+01 1.9931e+00
1.1929e+01 2.1225e+00
1.1933e+01 2.1944e+00
1.1937e+01 2.2057e+00
1.1941e+01 2.1504e+00
1.1945e+01 2.0345e+00
1.1950e+01 1.8645e+00
1.1954e+01 1.6637e+00
1.1958e+01 1.4415e+00
1.1962e+01 1.2387e+00
1.1966e+01 1.0569e+00
1.1970e+01 8.9973e-01
1.1975e+01 7.8201e-01
1.1979e+01 6.9226e-01
1.1983e+01 6.2890e-01
1.1987e+01 5.7856e-01
1.1991e+01 5.4562e-01
1.1995e+01 5.1893e-01
1.2000e+01 4.9462e-01
1.2004e+01 4.9358e-01
1.2008e+01 5.0242e-01
1.2012e+01 5.1534e-01
1.2016e+01 5.2346e-01
1.2021e+01 5.4619e-01
1.2025e+01 5.6506e-01
1.2029e+01 5.7981e-01
1.2033e+01 6.0080e-01
1.2037e+01 5.9875e-01
1.2041e+01 5.8492e-01
1.2046e+01 5.6969e-01
1.2050e+01 5.5232e-01
1.2054e+01 5.3141e-01
1.2058e+01 5.0927e-01
1.2062e+01 4.8748e-01
1.2067e+01 4.7005e-01
1.2071e+01 4.5475e-01
1.2075e+01 4.2806e-01
1.2079e+01 4.2519e-01
1.2083e+01 4.1884e-01
1.2087e+01 4.1776e-01
1.2092e+01 4.0496e-01
1.2096e+01 4.1360e-01
1.2100e+01 4.1214e-01
1.2104e+01 4.1282e-01
1.2108e+01 4.2197e-01
1.2113e+01 4.2251e-01
1.2117e+01 4.1504e-01
1.2121e+01 4.1083e-01
1.2125e+01 4.1442e-01
1.2129e+01 4.1807e-01
1.2133e+01 4.1408e-01
1.2138e+01 4.2109e-01
1.2142e+01 4.3161e-01
1.2146e+01 4.3321e-01
1.2150e+01 4.4557e-01
1.2154e+01 4.6099e-01
1.2159e+01 4.7610e-01
1.2163e+01 5.1046e-01
1.2167e+01 5.4968e-01
1.2171e+01 6.0001e-01
1.2175e+01 6.7922e-01
1.2179e+01 7.7424e-01
1.2184e+01 8.9077e-01
1.2188e+01 1.0236e+00
1.2192e+01 1.1380e+00
1.2196e+01 1.2359e+00
1.2200e+01 1.2834e+00
1.2205e+01 1.2973e+00
1.2209e+01 1.2679e+00
1.2213e+01 1.2133e+00
1.2217e+01 1.1207e+00
1.2221e+01 1.0070e+00
1.2225e+01 8.9306e-01
1.2230e+01 7.8529e-01
1.2234e+01 7.0613e-01
1.2238e+01 6.3462e-01
1.2242e+01 5.9244e-01
1.2246e+01 5.5252e-01
1.2251e+01 5.3865e-01
1.2255e+01 5.2171e-01
1.2259e+01 5.1478e-01
1.2263e+01 5.1331e-01
1.2267e+01 5.1915e-01
1.2271e+01 5.1878e-01
1.2276e+01 5.3448e-01
1.2280e+01 5.6055e-01
1.2284e+01 5.8378e-01
1.2288e+01 6.2921e-01
1.2292e+01 6.8999e-01
1.2297e+01 7.3743e-01
1.2301e+01 7.9830e-01
1.2305e+01 8.6999e-01
1.2309e+01 9.4302e-01
1.2313e+01 1.0081e+00
1.2317e+01 1.0508e+00
1.2322e+01 1.0966e+00
1.2326e+01 1.1498e+00
1.2330e+01 1.1869e+00
1.2334e+01 1.2331e+00
1.2338e+01 1.2944e+00
1.2343e+01 1.3903e+00
1.2347e+01 1.5134e+00
1.2351e+01 1.6548e+00
1.2355e+01 1.8254e+00
1.2359e+01 1.9967e+00
1.2363e+01 2.1738e+00
1.2368e+01 2.3352e+00
1.2372e+01 2.4595e+00
1.2376e+01 2.5387e+00
1.2380e+01 2.5832e+00
1.2384e+01 2.5540e+00
1.2389e+01 2.4802e+00
1.2393e+01 2.3645e+00
1.2397e+01 2.2218e+00
1.2401e+01 2.0509e+00
1.2405e+01 1.8753e+00
1.2410e+01 1.6878e+00
1.2414e+01 1.5202e+00
1.2418e+01 1.3628e+00
1.2422e+01 1.2293e+00
1.2426e+01 1.1131e+00
1.2430e+01 1.0148e+00
1.2435e+01 9.3031e-01
1.2439e+01 8.6505e-01
1.2443e+01 8.0978e-01
1.2447e+01 7.6305e-01
1.2451e+01 7.1691e-01
1.2456e+01 6.8435e-01
1.2460e+01 6.5632e-01
1.2464e+01 6.1752e-01
1.2468e+01 5.9707e-01
1.2472e+01 5.8739e-01
1.2476e+01 5.7056e-01
1.2481e+01 5.5720e-01
1.2485e+01 5.4339e-01
1.2489e+01 5.3267e-01
1.2493e+01 5.2679e-01
1.2497e+01 5.2601e-01
1.2502e+01 5.2482e-01
1.2506e+01 5.2254e-01
1.2510e+01 5.1712e-01
1.2514e+01 5.1347e-01
1.2518e+01 5.2024e-01
1.2522e+01 5.2655e-01
1.2527e+01 5.3597e-01
1.2531e+01 5.4351e-01
1.2535e+01 5.5246e-01
1.2539e+01 5.6679e-01
1.2543e+01 5.8051e-01
1.2548e+01 5.9906e-01
1.2552e+01 6.1555e-01
1.2556e+01 6.5428e-01
1.2560e+01 6.9476e-01
1.2564e+01 7.5924e-01
1.2568e+01 8.4241e-01
1.2573e+01 9.4435e-01
1.2577e+01 1.0911e+00
1.2581e+01 1.2691e+00
1.2585e+01 1.5216e+00
1.2589e+01 1.8259e+00
1.2594e+01 2.1844e+00
1.2598e+01 2.6211e+00
1.2602e+01 3.1003e+00
1.2606e+01 3.6058e+00
1.2610e+01 4.1161e+00
1.2614e+01 4.5692e+00
1.2619e+01 4.9392e+00
1.2623e+01 5.1697e+00
1.2627e+01 5.2219e+00
1.2631e+01 5.1167e+00
1.2635e+01 4.8558e+00
1.2640e+01 4.4529e+00
1.2644e+01 3.9614e+00
1.2648e+01 3.4353e+00
1.2652e+01 2.9093e+00
1.2656e+01 2.4205e+00
1.2660e+01 1.9898e+00
1.2665e+01 1.6394e+00
1.2669e+01 1.3698e+00
1.2673e+01 1.1706e+00
1.2677e+01 1.0163e+00
1.2681e+01 8.9546e-01
1.2686e+01 8.0670e-01
1.2690e+01 7.3713e-01
1.2694e+01 6.8009e-01
1.2698e+01 6.4181e-01
1.2702e+01 6.2385e-01
1.2707e+01 5.9769e-01
1.2711e+01 5.7042e-01
1.2715e+01 5.5609e-01
1.2719e+01 5.4508e-01
1.2723e+01 5.4492e-01
1.2727e+01 5.4130e-01
1.2732e+01 5.2626e-01
1.2736e+01 5.1013e-01
1.2740e+01 5.1401e-01
1.2744e+01 5.1163e-01
1.2748e+01 5.0301e-01
1.2753e+01 5.0136e-01
1.2757e+01 4.9930e-01
1.2761e+01 4.9188e-01
1.2765e+01 4.9681e-01
1.2769e+01 4.9740e-01
1.2773e+01 4.9729e-01
1.2778e+01 4.9681e-01
1.2782e+01 4.9948e-01
1.2786e+01 5.0480e-01
1.2790e+01 5.1128e-01
1.2794e+01 5.0542e-01
1.2799e+01 5.0254e-01
1.2803e+01 5.0216e-01
1.2807e+01 5.2307e-01
1.2811e+01 5.2634e-01
1.2815e+01 5.3253e-01
1.2819e+01 5.3878e-01
1.2824e+01 5.4202e-01
1.2828e+01 5.4931e-01
1.2832e+01 5.5992e-01
1.2836e+01 5.5859e-01
1.2840e+01 5.7678e-01
1.2845e+01 5.9654e-01
1.2849e+01 6.1561e-01
1.2853e+01 6.3064e-01
1.2857e+01 6.4043e-01
1.2861e+01 6.7081e-01
1.2866e+01 6.9431e-01
1.2870e+01 7.2046e-01
1.2874e+01 7.3989e-01
1.2878e+01 7.6019e-01
1.2882e+01 7.7396e-01
1.2886e+01 7.8403e-01
1.2891e+01 8.0382e-01
1.2895e+01 8.3813e-01
1.2899e+01 8.7412e-01
1.2903e+01 9.2800e-01
1.2907e+01 1.0138e+00
1.2912e+01 1.1367e+00
1.2916e+01 1.3053e+00
1.2920e+01 1.5140e+00
1.2924e+01 1.7812e+00
1.2928e+01 2.1458e+00
1.2932e+01 2.5630e+00
1.2937e+01 3.0460e+00
1.2941e+01 3.5792e+00
1.2945e+01 4.0959e+00
1.2949e+01 4.5611e+00
1.2953e+01 4.9048e+00
1.2958e+01 5.1062e+00
1.2962e+01 5.1476e+00
1.2966e+01 5.0222e+00
1.2970e+01 4.7537e+00
1.2974e+01 4.3597e+00
1.2979e+01 3.8718e+00
1.2983e+01 3.3705e+00
1.2987e+01 2.8565e+00
1.2991e+01 2.4050e+00
1.2995e+01 2.0059e+00
1.2999e+01 1.6877e+00
1.3004e+01 1.4349e+00
1.3008e+01 1.2351e+00
1.3012e+01 1.0876e+00
1.3016e+01 9.7503e-01
1.3020e+01 8.9536e-01
1.3025e+01 8.4726e-01
1.3029e+01 8.1201e-01
1.3033e+01 7.9743e-01
1.3037e+01 8.0431e-01
1.3041e+01 8.2393e-01
1.3045e+01 8.7616e-01
1.3050e+01 9.5791e-01
1.3054e+01 1.0488e+00
1.3058e+01 1.1452e+00
1.3062e+01 1.2680e+00
1.3066e+01 1.3840e+00
1.3071e+01 1.4819e+00
1.3075e+01 1.5586e+00
1.3079e+01 1.6179e+00
1.3083e+01 1.6439e+00
1.3087e+01 1.6239e+00
1.3092e+01 1.5735e+00
1.3096e+01 1.5045e+00
1.3100e+01 1.4378e+00
1.3104e+01 1.3730e+00
1.3108e+01 1.3093e+00
1.3112e+01 1.2515e+00
1.3117e+01 1.2092e+00
1.3121e+01 1.1768e+00
1.3125e+01 1.1694e+00
1.3129e+01 1.1776e+00
1.3133e+01 1.1548e+00
1.3138e+01 1.1324e+00
1.3142e+01 1.1137e+00
1.3146e+01 1.0874e+00
1.3150e+01 1.0370e+00
1.3154e+01 9.7284e-01
1.3158e+01 9.0396e-01
1.3163e+01 8.4582e-01
1.3167e+01 7.9362e-01
1.3171e+01 7.7027e-01
1.3175e+01 7.5943e-01
1.3179e+01 7.7358e-01
1.3184e+01 8.0177e-01
1.3188e+01 8.4080e-01
1.3192e+01 9.0195e-01
1.3196e+01 9.6797e-01
1.3200e+01 1.0197e+00
1.3205e+01 1.0537e+00
1.3209e+01 1.0701e+00
1.3213e+01 1.0665e+00
1.3217e+01 1.0513e+00
1.3221e+01 1.0198e+00
1.3225e+01 9.7869e-01
1.3230e+01 9.3512e-01
1.3234e+01 8.9385e-01
1.3238e+01 8.5925e-01
1.3242e+01 8.2993e-01
1.3246e+01 8.1171e-01
1.3251e+01 8.0612e-01
1.3255e+01 8.0533e-01
1.3259e+01 8.1864e-01
1.3263e+01 8.4367e-01
1.3267e+01 8.7788e-01
1.3272e+01 9.3503e-01
1.3276e+01 9.9623e-01
1.3280e+01 1.0617e+00
1.3284e+01 1.1402e+00
1.3288e+01 1.2003e+00
1.3292e+01 1.2396e+00
1.3297e+01 1.2545e+00
1.3301e+01 1.2499e+00
1.3305e+01 1.2153e+00
1.3309e+01 1.1581e+00
1.3313e+01 1.0813e+00
1.3318e+01 9.9862e-01
1.3322e+01 9.0913e-01
1.3326e+01 8.2342e-01
1.3330e+01 7.3742e-01
1.3334e+01 6.7250e-01
1.3338e+01 6.2144e-01
1.3343e+01 5.8184e-01
1.3347e+01 5.4266e-01
1.3351e+01 5.1242e-01
1.3355e+01 4.8374e-01
1.3359e+01 4.7019e-01
1.3364e+01 4.6193e-01
1.3368e+01 4.5751e-01
1.3372e+01 4.5272e-01
1.3376e+01 4.3725e-01
1.3380e+01 4.3484e-01
1.3385e+01 4.2986e-01
1.3389e+01 4.1385e-01
1.3393e+01 4.0421e-01
1.3397e+01 4.0118e-01
1.3401e+01 4.0975e-01
1.3405e+01 4.1481e-01
1.3410e+01 4.1510e-01
1.3414e+01 4.1618e-01
1.3418e+01 4.1407e-01
1.3422e+01 4.0672e-01
1.3426e+01 4.0456e-01
1.3431e+01 4.0565e-01
1.3435e+01 4.0664e-01
1.3439e+01 4.0832e-01
1.3443e+01 4.1618e-01
1.3447e+01 4.1639e-01
1.3452e+01 4.1485e-01
1.3456e+01 4.2033e-01
1.3460e+01 4.2297e-01
1.3464e+01 4.1895e-01
1.3468e+01 4.1706e-01
1.3472e+01 4.3211e-01
1.3477e+01 4.3164e-01
1.3481e+01 4.2948e-01
1.3485e+01 4.2787e-01
1.3489e+01 4.2714e-01
1.3493e+01 4.1681e-01
1.3498e+01 4.1854e-01
1.3502e+01 4.1157e-01
1.3506e+01 4.0856e-01
1.3510e+01 4.0574e-01
1.3514e+01 4.0717e-01
1.3519e+01 4.0996e-01
1.3523e+01 4.0064e-01
1.3527e+01 4.0417e-01
1.3531e+01 4.1565e-01
1.3535e+01 4.1995e-01
1.3539e+01 4.2399e-01
1.3544e+01 4.3037e-01
1.3548e+01 4.2846e-01
1.3552e+01 4.1911e-01
1.3556e+01 4.2114e-01
1.3560e+01 4.2090e-01
1.3565e+01 4.1269e-01
1.3569e+01 4.0058e-01
1.3573e+01 3.9837e-01
1.3577e+01 3.9400e-01
1.3581e+01 3.9178e-01
1.3586e+01 3.9923e-01
1.3590e+01 3.9648e-01
1.3594e+01 3.8873e-01
1.3598e+01 3.8751e-01
1.3602e+01 3.9217e-01
1.3606e+01 3.9783e-01
1.3611e+01 3.9640e-01
1.3615e+01 3.9703e-01
1.3619e+01 4.0263e-01
1.3623e+01 4.1191e-01
1.3627e+01 4.2312e-01
1.3632e+01 4.1368e-01
1.3636e+01 4.0304e-01
1.3640e+01 3.9847e-01
1.3644e+01 3.9734e-01
1.3648e+01 3.9778e-01
1.3653e+01 3.9799e-01
1.3657e+01 4.0611e-01
1.3661e+01 4.1363e-01
1.3665e+01 4.1872e-01
1.3669e+01 4.4863e-01
1.3673e+01 4.7259e-01
1.3678e+01 5.0711e-01
1.3682e+01 5.4533e-01
1.3686e+01 5.8420e-01
1.3690e+01 6.0740e-01
1.3694e+01 6.4249e-01
1.3699e+01 6.7911e-01
1.3703e+01 7.1148e-01
1.3707e+01 7.1989e-01
1.3711e+01 7.2215e-01
1.3715e+01 7.2435e-01
1.3720e+01 7.1706e-01
1.3724e+01 7.0214e-01
1.3728e+01 6.7697e-01
1.3732e+01 6.3947e-01
1.3736e+01 6.0872e-01
1.3740e+01 5.8867e-01
1.3745e+01 5.5271e-01
1.3749e+01 5.1985e-01
1.3753e+01 4.9121e-01
1.3757e+01 4.7557e-01
1.3761e+01 4.6326e-01
1.3766e+01 4.5282e-01
1.3770e+01 4.5017e-01
1.3774e+01 4.4818e-01
1.3778e+01 4.4615e-01
1.3782e+01 4.5296e-01
1.3787e+01 4.5974e-01
1.3791e+01 4.6628e-01
1.3795e+01 4.7953e-01
1.3799e+01 4.9737e-01
1.3803e+01 5.3403e-01
1.3807e+01 5.8056e-01
1.3812e+01 6.2469e-01
1.3816e+01 6.6122e-01
1.3820e+01 7.2461e-01
1.3824e+01 7.8321e-01
1.3828e+01 8.5648e-01
1.3833e+01 9.1255e-01
1.3837e+01 9.9736e-01
1.3841e+01 1.0826e+00
1.3845e+01 1.1786e+00
1.3849e+01 1.3107e+00
1.3854e+01 1.4478e+00
1.3858e+01 1.5811e+00
1.3862e+01 1.7024e+00
1.3866e+01 1.8157e+00
1.3870e+01 1.8970e+00
1.3875e+01 1.9373e+00
1.3879e+01 1.9262e+00
1.3883e+01 1.8589e+00
1.3887e+01 1.7622e+00
1.3891e+01 1.6152e+00
1.3895e+01 1.4517e+00
1.3900e+01 1.2935e+00
1.3904e+01 1.1342e+00
1.3908e+01 9.8322e-01
1.3912e+01 8.6157e-01
1.3916e+01 7.6766e-01
1.3921e+01 6.9841e-01
1.3925e+01 6.4022e-01
1.3929e+01 5.9325e-01
1.3933e+01 5.5228e-01
1.3937e+01 5.3304e-01
1.3942e+01 5.2292e-01
1.3946e+01 5.1757e-01
1.3950e+01 5.2036e-01
1.3954e+01 5.1917e-01
1.3958e+01 5.0946e-01
1.3962e+01 5.1403e-01
1.3967e+01 5.1476e-01
1.3971e+01 5.2953e-01
1.3975e+01 5.5140e-01
1.3979e+01 5.6145e-01
1.3983e+01 5.7528e-01
1.3988e+01 6.0077e-01
1.3992e+01 6.3641e-01
1.3996e+01 6.7215e-01
1.4000e+01 7.1041e-01
1.4004e+01 7.5585e-01
1.4009e+01 8.0560e-01
1.4013e+01 8.5600e-01
1.4017e+01 9.1627e-01
1.4021e+01 9.7632e-01
1.4025e+01 1.0195e+00
1.4030e+01 1.0633e+00
1.4034e+01 1.1190e+00
1.4038e+01 1.1739e+00
1.4042e+01 1.1996e+00
1.4046e+01 1.2105e+00
1.4050e+01 1.2046e+00
1.4055e+01 1.1789e+00
1.4059e+01 1.1537e+00
1.4063e+01 1.1162e+00
1.4067e+01 1.0629e+00
1.4071e+01 1.0054e+00
1.4076e+01 9.4559e-01
1.4080e+01 8.9019e-01
1.4084e+01 8.3201e-01
1.4088e+01 7.7469e-01
1.4092e+01 7.3297e-01
1.4097e+01 6.9215e-01
1.4101e+01 6.6545e-01
1.4105e+01 6.3810e-01
1.4109e+01 6.1298e-01
1.4113e+01 5.9131e-01
1.4118e+01 5.7710e-01
1.4122e+01 5.7910e-01
1.4126e+01 5.8456e-01
1.4130e+01 5.9228e-01
1.4134e+01 5.9910e-01
1.4138e+01 6.1991e-01
1.4143e+01 6.5068e-01
1.4147e+01 6.8757e-01
1.4151e+01 7.4359e-01
1.4155e+01 8.1975e-01
1.4159e+01 9.1666e-01
1.4164e+01 1.0411e+00
1.4168e+01 1.1883e+00
1.4172e+01 1.3765e+00
1.4176e+01 1.5845e+00
1.4180e+01 1.8255e+00
1.4185e+01 2.0738e+00
1.4189e+01 2.3010e+00
1.4193e+01 2.4786e+00
1.4197e+01 2.5844e+00
1.4201e+01 2.6098e+00
1.4205e+01 2.5674e+00
1.4210e+01 2.4501e+00
1.4214e+01 2.2816e+00
1.4218e+01 2.0656e+00
1.4222e+01 1.8212e+00
1.4226e+01 1.5706e+00
1.4231e+01 1.3517e+00
1.4235e+01 1.1696e+00
1.4239e+01 1.0108e+00
1.4243e+01 8.8660e-01
1.4247e+01 7.8268e-01
1.4252e+01 6.9743e-01
1.4256e+01 6.4173e-01
1.4260e+01 5.9476e-01
1.4264e+01 5.5503e-01
1.4268e+01 5.2225e-01
1.4273e+01 4.9659e-01
1.4277e+01 4.8330e-01
1.4281e+01 4.7360e-01
1.4285e+01 4.6149e-01
1.4289e+01 4.5108e-01
1.4293e+01 4.3555e-01
1.4298e+01 4.3270e-01
1.4302e+01 4.2751e-01
1.4306e+01 4.2930e-01
1.4310e+01 4.2260e-01
1.4314e+01 4.1916e-01
1.4319e+01 4.1052e-01
1.4323e+01 4.1162e-01
1.4327e+01 4.0739e-01
1.4331e+01 3.9730e-01
1.4335e+01 3.9684e-01
1.4340e+01 4.0938e-01
1.4344e+01 4.0648e-01
1.4348e+01 3.9054e-01
1.4352e+01 3.9509e-01
1.4356e+01 4.0293e-01
1.4361e+01 3.9733e-01
1.4365e+01 4.0251e-01
1.4369e+01 3.9841e-01
1.4373e+01 3.9260e-01
1.4377e+01 3.8828e-01
1.4382e+01 3.9056e-01
1.4386e+01 3.8407e-01
1.4390e+01 3.7304e-01
1.4394e+01 3.8802e-01
1.4398e+01 3.9499e-01
1.4402e+01 3.8759e-01
1.4407e+01 3.9107e-01
1.4411e+01 3.8626e-01
1.4415e+01 3.9119e-01
1.4419e+01 3.9653e-01
1.4423e+01 3.8863e-01
1.4428e+01 3.8139e-01
1.4432e+01 3.8250e-01
1.4436e+01 3.9810e-01
1.4440e+01 3.9439e-01
1.4444e+01 3.9620e-01
1.4449e+01 4.1004e-01
1.4453e+01 4.1022e-01
1.4457e+01 4.1099e-01
1.4461e+01 4.1201e-01
1.4465e+01 4.1974e-01
1.4470e+01 4.1585e-01
1.4474e+01 4.2257e-01
1.4478e+01 4.4233e-01
1.4482e+01 4.6182e-01
1.4486e+01 4.8600e-01
1.4490e+01 5.0744e-01
1.4495e+01 5.4710e-01
1.4499e+01 6.0999e-01
1.4503e+01 6.7135e-01
1.4507e+01 7.1746e-01
1.4511e+01 7.6411e-01
1.4516e+01 8.1952e-01
1.4520e+01 8.6828e-01
1.4524e+01 9.0631e-01
1.4528e+01 9.3412e-01
1.4532e+01 9.6473e-01
1.4537e+01 9.8166e-01
1.4541e+01 1.0018e+00
1.4545e+01 1.0227e+00
1.4549e+01 1.0544e+00
1.4553e+01 1.0859e+00
1.4558e+01 1.0962e+00
1.4562e+01 1.0929e+00
1.4566e+01 1.0922e+00
1.4570e+01 1.0698e+00
1.4574e+01 1.0377e+00
1.4579e+01 9.8664e-01
1.4583e+01 9.2775e-01
1.4587e+01 8.6580e-01
1.4591e+01 8.0469e-01
1.4595e+01 7.3182e-01
1.4599e+01 6.7325e-01
1.4604e+01 6.2048e-01
1.4608e+01 5.7346e-01
1.4612e+01 5.2741e-01
1.4616e+01 4.9683e-01
1.4620e+01 4.7586e-01
1.4625e+01 4.5078e-01
1.4629e+01 4.3176e-01
1.4633e+01 4.1895e-01
1.4637e+01 4.1243e-01
1.4641e+01 3.9890e-01
1.4646e+01 3.9414e-01
1.4650e+01 3.9506e-01
1.4654e+01 4.0024e-01
1.4658e+01 3.9670e-01
1.4662e+01 3.8835e-01
1.4667e+01 3.9452e-01
1.4671e+01 4.0018e-01
1.4675e+01 4.0675e-01
1.4679e+01 4.0641e-01
1.4683e+01 4.0875e-01
1.4688e+01 4.0895e-01
1.4692e+01 4.0772e-01
1.4696e+01 4.1162e-01
1.4700e+01 4.2156e-01
1.4704e+01 4.3090e-01
1.4708e+01 4.3832e-01
1.4713e+01 4.3852e-01
1.4717e+01 4.4445e-01
1.4721e+01 4.5739e-01
1.4725e+01 4.6931e-01
1.4729e+01 4.7570e-01
1.4734e+01 4.7828e-01
1.4738e+01 4.8602e-01
1.4742e+01 4.9467e-01
1.4746e+01 4.9291e-01
1.4750e+01 5.0526e-01
1.4755e+01 5.2595e-01
1.4759e+01 5.4605e-01
1.4763e+01 5.7045e-01
1.4767e+01 5.9564e-01
1.4771e+01 6.2482e-01
1.4776e+01 6.6062e-01
1.4780e+01 6.9258e-01
1.4784e+01 7.2307e-01
1.4788e+01 7.5622e-01
1.4792e+01 7.7952e-01
1.4797e+01 8.0262e-01
1.4801e+01 8.1546e-01
1.4805e+01 8.2351e-01
1.4809e+01 8.3044e-01
1.4813e+01 8.3861e-01
1.4817e+01 8.2584e-01
1.4822e+01 8.0957e-01
1.4826e+01 7.9394e-01
1.4830e+01 7.7574e-01
1.4834e+01 7.3562e-01
1.4838e+01 6.8892e-01
1.4843e+01 6.6434e-01
1.4847e+01 6.4221e-01
1.4851e+01 6.2046e-01
1.4855e+01 5.7491e-01
1.4859e+01 5.4594e-01
1.4864e+01 5.2815e-01
1.4868e+01 5.1118e-01
1.4872e+01 4.9525e-01
1.4876e+01 4.8662e-01
1.4880e+01 4.8395e-01
1.4885e+01 4.7749e-01
1.4889e+01 4.7435e-01
1.4893e+01 4.8597e-01
1.4897e+01 4.9104e-01
1.4901e+01 4.8302e-01
1.4906e+01 4.7422e-01
1.4910e+01 4.6269e-01
1.4914e+01 4.7746e-01
1.4918e+01 4.8092e-01
1.4922e+01 4.7538e-01
1.4927e+01 4.7178e-01
1.4931e+01 4.7467e-01
1.4935e+01 4.7214e-01
1.4939e+01 4.7656e-01
1.4943e+01 4.9500e-01
1.4947e+01 4.9242e-01
1.4952e+01 4.9786e-01
1.4956e+01 5.0725e-01
1.4960e+01 5.0267e-01
1.4964e+01 5.0984e-01
1.4968e+01 5.1753e-01
1.4973e+01 5.1877e-01
1.4977e+01 5.1841e-01
1.4981e+01 5.1951e-01
1.4985e+01 5.2400e-01
1.4989e+01 5.4678e-01
1.4994e+01 5.5267e-01
1.4998e+01 5.7497e-01
1.5002e+01 6.0735e-01
1.5006e+01 6.2651e-01
1.5010e+01 6.5459e-01
1.5015e+01 7.0207e-01
1.5019e+01 7.5464e-01
1.5023e+01 8.2035e-01
1.5027e+01 9.1356e-01
1.5031e+01 1.0344e+00
1.5036e+01 1.1789e+00
1.5040e+01 1.3356e+00
1.5044e+01 1.5113e+00
1.5048e+01 1.6916e+00
1.5052e+01 1.8747e+00
1.5057e+01 2.0267e+00
1.5061e+01 2.1314e+00
1.5065e+01 2.1866e+00
1.5069e+01 2.1771e+00
1.5073e+01 2.1234e+00
1.5078e+01 2.0354e+00
1.5082e+01 1.9116e+00
1.5086e+01 1.7729e+00
1.5090e+01 1.6043e+00
1.5094e+01 1.4426e+00
1.5098e+01 1.2905e+00
1.5103e+01 1.1643e+00
1.5107e+01 1.0505e+00
1.5111e+01 9.4951e-01
1.5115e+01 8.6637e-01
1.5119e+01 7.9289e-01
1.5124e+01 7.3920e-01
1.5128e+01 6.9079e-01
1.5132e+01 6.4878e-01
1.5136e+01 6.0624e-01
1.5140e+01 5.8724e-01
1.5145e+01 5.5299e-01
1.5149e+01 5.1934e-01
1.5153e+01 5.0106e-01
1.5157e+01 4.8034e-01
1.5161e+01 4.7193e-01
1.5166e+01 4.6953e-01
1.5170e+01 4.6281e-01
1.5174e+01 4.5464e-01
1.5178e+01 4.4115e-01
1.5182e+01 4.5343e-01
1.5187e+01 4.5898e-01
1.5191e+01 4.5733e-01
1.5195e+01 4.4399e-01
1.5199e+01 4.3211e-01
1.5203e+01 4.3477e-01
1.5208e+01 4.4995e-01
1.5212e+01 4.4939e-01
1.5216e+01 4.4777e-01
1.5220e+01 4.4831e-01
1.5224e+01 4.6028e-01
1.5229e+01 4.8081e-01
1.5233e+01 5.0096e-01
1.5237e+01 5.2983e-01
1.5241e+01 5.5065e-01
1.5245e+01 5.6071e-01
1.5250e+01 5.8659e-01
1.5254e+01 5.9877e-01
1.5258e+01 6.0201e-01
1.5262e+01 5.9859e-01
1.5266e+01 5.8675e-01
1.5270e+01 5.7848e-01
1.5275e+01 5.7834e-01
1.5279e+01 5.3985e-01
1.5283e+01 4.9853e-01
1.5287e+01 4.7516e-01
1.5291e+01 4.5795e-01
1.5296e+01 4.3309e-01
1.5300e+01 4.1163e-01
1.5304e+01 4.0129e-01
1.5308e+01 3.9607e-01
1.5312e+01 3.8943e-01
1.5317e+01 3.8121e-01
1.5321e+01 3.7758e-01
1.5325e+01 3.7234e-01
1.5329e+01 3.8017e-01
1.5333e+01 3.7340e-01
1.5338e+01 3.6487e-01
1.5342e+01 3.6379e-01
1.5346e+01 3.6700e-01
1.5350e+01 3.8176e-01
1.5354e+01 3.8233e-01
1.5359e+01 3.7271e-01
1.5363e+01 3.6597e-01
1.5367e+01 3.5867e-01
1.5371e+01 3.6163e-01
1.5375e+01 3.5447e-01
1.5380e+01 3.5778e-01
1.5384e+01 3.6967e-01
1.5388e+01 3.8104e-01
1.5392e+01 3.9153e-01
1.5396e+01 3.9986e-01
1.5401e+01 4.0394e-01
1.5405e+01 4.1783e-01
1.5409e+01 4.3728e-01
1.5413e+01 4.5856e-01
1.5417e+01 4.8831e-01
1.5422e+01 5.2193e-01
1.5426e+01 5.5862e-01
1.5430e+01 6.0143e-01
1.5434e+01 6.5424e-01
1.5438e+01 7.0562e-01
1.5443e+01 7.6568e-01
1.5447e+01 8.2059e-01
1.5451e+01 8.7224e-01
1.5455e+01 9.0377e-01
1.5459e+01 9.2780e-01
1.5463e+01 9.3497e-01
1.5468e+01 9.2910e-01
1.5472e+01 8.9954e-01
1.5476e+01 8.5837e-01
1.5480e+01 8.1542e-01
1.5484e+01 7.8325e-01
1.5489e+01 7.3296e-01
1.5493e+01 7.0225e-01
1.5497e+01 6.6910e-01
1.5501e+01 6.4539e-01
1.5505e+01 6.2646e-01
1.5510e+01 6.2664e-01
1.5514e+01 6.2472e-01
1.5518e+01 6.2643e-01
1.5522e+01 6.1753e-01
1.5526e+01 6.0843e-01
1.5531e+01 6.0879e-01
1.5535e+01 6.1420e-01
1.5539e+01 6.1496e-01
1.5543e+01 6.1895e-01
1.5547e+01 6.1728e-01
1.5552e+01 6.1414e-01
1.5556e+01 6.0825e-01
1.5560e+01 5.9804e-01
1.5564e+01 5.7753e-01
1.5568e+01 5.6629e-01
1.5573e+01 5.4236e-01
1.5577e+01 5.0447e-01
1.5581e+01 4.7076e-01
1.5585e+01 4.8948e-01
1.5589e+01 4.8309e-01
1.5594e+01 4.7875e-01
1.5598e+01 4.4582e-01
1.5602e+01 4.1807e-01
1.5606e+01 4.0375e-01
1.5610e+01 3.9280e-01
1.5615e+01 3.9592e-01
1.5619e+01 4.0347e-01
1.5623e+01 4.1751e-01
1.5627e+01 4.2156e-01
1.5631e+01 4.2356e-01
1.5636e+01 4.2244e-01
1.5640e+01 4.2405e-01
1.5644e+01 4.2461e-01
1.5648e+01 4.3588e-01
1.5652e+01 4.3562e-01
1.5657e+01 4.3830e-01
1.5661e+01 4.5085e-01
1.5665e+01 4.6558e-01
1.5669e+01 4.8262e-01
1.5673e+01 5.0615e-01
1.5678e+01 5.3556e-01
1.5682e+01 5.4819e-01
1.5686e+01 5.6118e-01
1.5690e+01 5.6225e-01
1.5694e+01 5.6036e-01
1.5699e+01 5.5693e-01
1.5703e+01 5.6119e-01
1.5707e+01 5.4602e-01
1.5711e+01 5.1617e-01
1.5715e+01 5.1406e-01
1.5720e+01 5.0026e-01
1.5724e+01 4.8576e-01
1.5728e+01 4.6409e-01
1.5732e+01 4.4307e-01
1.5736e+01 4.5035e-01
1.5741e+01 4.5934e-01
1.5745e+01 4.6217e-01
1.5749e+01 4.7358e-01
1.5753e+01 4.7912e-01
1.5757e+01 4.9676e-01
1.5761e+01 5.3171e-01
1.5766e+01 5.7665e-01
1.5770e+01 6.2400e-01
1.5774e+01 6.7087e-01
1.5778e+01 7.3020e-01
1.5782e+01 8.2070e-01
1.5787e+01 9.1419e-01
1.5791e+01 1.0005e+00
1.5795e+01 1.0868e+00
1.5799e+01 1.1716e+00
1.5803e+01 1.2335e+00
1.5808e+01 1.2762e+00
1.5812e+01 1.3084e+00
1.5816e+01 1.3168e+00
1.5820e+01 1.3051e+00
1.5824e+01 1.2582e+00
1.5829e+01 1.2034e+00
1.5833e+01 1.1323e+00
1.5837e+01 1.0454e+00
1.5841e+01 9.5355e-01
1.5845e+01 8.6989e-01
1.5850e+01 7.9822e-01
1.5854e+01 7.3428e-01
1.5858e+01 6.8272e-01
1.5862e+01 6.3324e-01
1.5866e+01 5.9957e-01
1.5871e+01 5.7151e-01
1.5875e+01 5.6955e-01
1.5879e+01 5.5916e-01
1.5883e+01 5.4505e-01
1.5887e+01 5.2525e-01
1.5892e+01 5.0998e-01
1.5896e+01 4.8299e-01
1.5900e+01 4.7924e-01
1.5904e+01 4.6479e-01
1.5908e+01 4.5974e-01
1.5913e+01 4.5396e-01
1.5917e+01 4.4206e-01
1.5921e+01 4.2981e-01
1.5925e+01 4.2699e-01
1.5929e+01 4.2617e-01
1.5934e+01 4.3123e-01
1.5938e+01 4.1580e-01
1.5942e+01 4.2804e-01
1.5946e+01 4.4018e-01
1.5950e+01 4.3544e-01
1.5955e+01 4.3180e-01
1.5959e+01 4.3804e-01
1.5963e+01 4.4050e-01
1.5967e+01 4.3121e-01
1.5971e+01 4.2294e-01
1.5976e+01 4.3440e-01
1.5980e+01 4.6341e-01
1.5984e+01 4.8443e-01
1.5988e+01 5.1775e-01
1.5992e+01 5.4742e-01
1.5997e+01 5.9568e-01
1.6001e+01 6.5803e-01
1.6005e+01 7.2706e-01
1.6009e+01 7.8688e-01
1.6013e+01 8.5292e-01
1.6018e+01 9.2266e-01
1.6022e+01 9.8267e-01
1.6026e+01 1.0352e+00
1.6030e+01 1.0659e+00
1.6034e+01 1.0800e+00
1.6039e+01 1.0588e+00
1.6043e+01 1.0372e+00
1.6047e+01 1.0130e+00
1.6051e+01 9.7541e-01
1.6055e+01 9.1535e-01
1.6060e+01 8.3776e-01
1.6064e+01 7.4928e-01
1.6068e+01 6.6873e-01
1.6072e+01 6.2076e-01
1.6076e+01 5.9651e-01
1.6081e+01 5.5420e-01
1.6085e+01 5.2113e-01
1.6089e+01 4.9192e-01
1.6093e+01 4.7521e-01
1.6097e+01 4.7149e-01
1.6102e+01 4.4919e-01
1.6106e+01 4.3592e-01
1.6110e+01 4.2336e-01
1.6114e+01 4.2845e-01
1.6118e+01 4.2670e-01
1.6123e+01 4.1395e-01
1.6127e+01 4.0807e-01
1.6131e+01 4.0619e-01
1.6135e+01 4.1220e-01
1.6139e+01 4.1939e-01
1.6144e+01 4.0447e-01
1.6148e+01 3.9358e-01
1.6152e+01 3.9638e-01
1.6156e+01 4.0239e-01
1.6160e+01 4.1995e-01
1.6165e+01 4.3107e-01
1.6169e+01 4.2660e-01
1.6173e+01 4.4057e-01
1.6177e+01 4.5078e-01
1.6181e+01 4.5158e-01
1.6186e+01 4.5373e-01
1.6190e+01 4.5438e-01
1.6194e+01 4.5985e-01
1.6198e+01 4.6568e-01
1.6202e+01 4.8193e-01
1.6207e+01 5.0857e-01
1.6211e+01 5.1653e-01
1.6215e+01 5.2068e-01
1.6219e+01 5.0938e-01
1.6223e+01 5.2289e-01
1.6228e+01 5.1929e-01
1.6232e+01 5.1478e-01
1.6236e+01 5.0122e-01
1.6240e+01 4.8342e-01
1.6244e+01 4.7819e-01
1.6249e+01 4.7722e-01
1.6253e+01 4.6553e-01
1.6257e+01 4.5675e-01
1.6261e+01 4.6246e-01
1.6265e+01 4.6840e-01
1.6270e+01 4.6851e-01
1.6274e+01 4.7346e-01
1.6278e+01 4.7414e-01
1.6282e+01 4.6089e-01
1.6286e+01 4.5213e-01
1.6291e+01 4.6522e-01
1.6295e+01 4.7157e-01
1.6299e+01 4.7506e-01
1.6303e+01 4.7982e-01
1.6307e+01 4.8895e-01
1.6312e+01 4.8194e-01
1.6316e+01 4.8303e-01
1.6320e+01 4.7493e-01
1.6324e+01 4.8959e-01
1.6328e+01 4.9364e-01
1.6333e+01 4.9352e-01
1.6337e+01 4.9939e-01
1.6341e+01 5.0661e-01
1.6345e+01 5.0474e-01
1.6349e+01 5.1340e-01
1.6354e+01 5.1994e-01
1.6358e+01 5.2208e-01
1.6362e+01 5.3079e-01
1.6366e+01 5.5546e-01
1.6370e+01 5.9384e-01
1.6375e+01 6.0203e-01
1.6379e+01 6.4004e-01
1.6383e+01 6.8192e-01
1.6387e+01 7.2829e-01
1.6391e+01 7.6421e-01
1.6396e+01 8.0430e-01
1.6400e+01 8.5726e-01
1.6404e+01 8.8123e-01
1.6408e+01 8.8049e-01
1.6412e+01 8.7910e-01
1.6417e+01 8.6810e-01
1.6421e+01 8.4868e-01
1.6425e+01 7.8562e-01
1.6429e+01 7.3401e-01
1.6433e+01 6.8555e-01
1.6438e+01 6.2827e-01
1.6442e+01 5.6349e-01
1.6446e+01 5.2193e-01
1.6450e+01 5.0500e-01
1.6454e+01 4.7949e-01
1.6459e+01 4.4684e-01
1.6463e+01 4.1695e-01
1.6467e+01 4.0270e-01
1.6471e+01 3.9652e-01
1.6475e+01 3.8745e-01
1.6480e+01 3.5636e-01
1.6484e+01 3.5477e-01
1.6488e+01 3.6105e-01
1.6492e+01 3.5496e-01
1.6496e+01 3.5175e-01
1.6501e+01 3.5097e-01
1.6505e+01 3.4384e-01
1.6509e+01 3.6060e-01
1.6513e+01 3.6633e-01
1.6517e+01 3.5850e-01
1.6522e+01 3.4931e-01
1.6526e+01 3.5916e-01
1.6530e+01 3.7258e-01
1.6534e+01 3.7224e-01
1.6538e+01 3.7004e-01
1.6543e+01 3.8362e-01
1.6547e+01 3.9875e-01
1.6551e+01 3.8984e-01
1.6555e+01 3.8046e-01
1.6559e+01 3.7722e-01
1.6564e+01 3.9502e-01
1.6568e+01 4.1274e-01
1.6572e+01 4.3181e-01
1.6576e+01 4.4838e-01
1.6580e+01 4.5090e-01
1.6585e+01 4.6505e-01
1.6589e+01 4.8695e-01
1.6593e+01 5.0559e-01
1.6597e+01 5.2590e-01
1.6601e+01 5.7317e-01
1.6606e+01 6.0738e-01
1.6610e+01 6.1561e-01
1.6614e+01 6.1144e-01
1.6618e+01 5.8804e-01
1.6623e+01 5.7771e-01
1.6627e+01 5.7311e-01
1.6631e+01 5.7015e-01
1.6635e+01 5.4986e-01
1.6639e+01 5.3336e-01
1.6644e+01 4.9865e-01
1.6648e+01 4.5465e-01
1.6652e+01 4.3274e-01
1.6656e+01 4.2338e-01
1.6660e+01 4.0643e-01
1.6665e+01 3.9664e-01
1.6669e+01 3.9240e-01
1.6673e+01 3.9313e-01
1.6677e+01 3.9249e-01
1.6681e+01 3.8934e-01
1.6686e+01 3.9058e-01
1.6690e+01 3.9885e-01
1.6694e+01 4.0912e-01
1.6698e+01 4.2117e-01
1.6702e+01 4.1768e-01
1.6707e+01 4.2337e-01
1.6711e+01 4.2261e-01
1.6715e+01 4.2743e-01
1.6719e+01 4.3055e-01
1.6723e+01 4.3858e-01
1.6728e+01 4.3658e-01
1.6732e+01 4.4048e-01
1.6736e+01 4.5502e-01
1.6740e+01 4.7002e-01
1.6744e+01 4.8024e-01
1.6749e+01 5.0110e-01
1.6753e+01 5.0264e-01
1.6757e+01 5.1346e-01
1.6761e+01 5.2130e-01
1.6765e+01 5.3919e-01
1.6770e+01 5.5221e-01
1.6774e+01 5.6221e-01
1.6778e+01 5.5680e-01
1.6782e+01 5.4016e-01
1.6786e+01 5.2560e-01
1.6791e+01 5.4344e-01
1.6795e+01 5.6876e-01
1.6799e+01 5.8269e-01
1.6803e+01 5.9086e-01
1.6807e+01 6.0290e-01
1.6812e+01 6.1391e-01
1.6816e+01 6.1897e-01
1.6820e+01 6.4171e-01
1.6824e+01 6.8314e-01
1.6828e+01 7.1690e-01
1.6833e+01 7.3958e-01
1.6837e+01 7.7214e-01
1.6841e+01 8.0375e-01
1.6845e+01 8.3514e-01
1.6849e+01 8.7025e-01
1.6854e+01 9.1292e-01
1.6858e+01 1.0073e+00
