# {
#     "poni_version": 2.1,
#     "detector": "Perkin",
#     "detector_config": {
#         "pixel1": 0.0002,
#         "pixel2": 0.0002,
#         "orientation": 3
#     },
#     "dist": 1.4280177479893559,
#     "poni1": 0.23398429857415295,
#     "poni2": 0.37634908408057827,
#     "rot1": -0.003994332959290178,
#     "rot2": -0.026132616520970278,
#     "rot3": -4.71036871681453e-10,
#     "wavelength": 1.814e-11
# }
# Mask applied: user provided
# Dark current applied: False
# Flat field applied: False
# Polarization factor: None
# Normalization factor: 1.0
# --> from_PerkinElmer_detector/LaB6.xy
#       2th_deg             I 
  2.005000e+00    2.350746e+01
  2.015000e+00    2.350733e+01
  2.025000e+00    2.346250e+01
  2.035000e+00    2.341742e+01
  2.045000e+00    2.336497e+01
  2.055000e+00    2.347265e+01
  2.065000e+00    2.341529e+01
  2.075000e+00    2.336439e+01
  2.085000e+00    2.323476e+01
  2.095000e+00    2.330843e+01
  2.105000e+00    2.338249e+01
  2.115000e+00    2.331303e+01
  2.125000e+00    2.335454e+01
  2.135000e+00    2.330904e+01
  2.145000e+00    2.328651e+01
  2.155000e+00    2.325508e+01
  2.165000e+00    2.324269e+01
  2.175000e+00    2.311892e+01
  2.185000e+00    2.311646e+01
  2.195000e+00    2.313332e+01
  2.205000e+00    2.320400e+01
  2.215000e+00    2.314044e+01
  2.225000e+00    2.303943e+01
  2.235000e+00    2.303818e+01
  2.245000e+00    2.293957e+01
  2.255000e+00    2.290156e+01
  2.265000e+00    2.292029e+01
  2.275000e+00    2.291891e+01
  2.285000e+00    2.285767e+01
  2.295000e+00    2.279860e+01
  2.305000e+00    2.276040e+01
  2.315000e+00    2.271168e+01
  2.325000e+00    2.268970e+01
  2.335000e+00    2.260936e+01
  2.345000e+00    2.257574e+01
  2.355000e+00    2.255474e+01
  2.365000e+00    2.260224e+01
  2.375000e+00    2.258126e+01
  2.385000e+00    2.250934e+01
  2.395000e+00    2.249440e+01
  2.405000e+00    2.247132e+01
  2.415000e+00    2.243438e+01
  2.425000e+00    2.245907e+01
  2.435000e+00    2.238165e+01
  2.445000e+00    2.228341e+01
  2.455000e+00    2.232313e+01
  2.465000e+00    2.231170e+01
  2.475000e+00    2.226426e+01
  2.485000e+00    2.231161e+01
  2.495000e+00    2.230954e+01
  2.505000e+00    2.233344e+01
  2.515000e+00    2.222563e+01
  2.525000e+00    2.218531e+01
  2.535000e+00    2.215003e+01
  2.545000e+00    2.215851e+01
  2.555000e+00    2.207657e+01
  2.565000e+00    2.204927e+01
  2.575000e+00    2.205133e+01
  2.585000e+00    2.205256e+01
  2.595000e+00    2.205555e+01
  2.605000e+00    2.196927e+01
  2.615000e+00    2.189202e+01
  2.625000e+00    2.190523e+01
  2.635000e+00    2.188293e+01
  2.645000e+00    2.185285e+01
  2.655000e+00    2.181282e+01
  2.665000e+00    2.178307e+01
  2.675000e+00    2.181252e+01
  2.685000e+00    2.180034e+01
  2.695000e+00    2.177480e+01
  2.705000e+00    2.168210e+01
  2.715000e+00    2.167750e+01
  2.725000e+00    2.172188e+01
  2.735000e+00    2.165176e+01
  2.745000e+00    2.162698e+01
  2.755000e+00    2.158559e+01
  2.765000e+00    2.154751e+01
  2.775000e+00    2.152819e+01
  2.785000e+00    2.155204e+01
  2.795000e+00    2.156702e+01
  2.805000e+00    2.153648e+01
  2.815000e+00    2.143526e+01
  2.825000e+00    2.142780e+01
  2.835000e+00    2.144605e+01
  2.845000e+00    2.149811e+01
  2.855000e+00    2.144826e+01
  2.865000e+00    2.138902e+01
  2.875000e+00    2.141097e+01
  2.885000e+00    2.144204e+01
  2.895000e+00    2.139538e+01
  2.905000e+00    2.137881e+01
  2.915000e+00    2.142683e+01
  2.925000e+00    2.133631e+01
  2.935000e+00    2.136528e+01
  2.945000e+00    2.136707e+01
  2.955000e+00    2.136943e+01
  2.965000e+00    2.141858e+01
  2.975000e+00    2.136642e+01
  2.985000e+00    2.140189e+01
  2.995000e+00    2.142231e+01
  3.005000e+00    2.139856e+01
  3.015000e+00    2.137814e+01
  3.025000e+00    2.136980e+01
  3.035000e+00    2.136212e+01
  3.045000e+00    2.135671e+01
  3.055000e+00    2.131988e+01
  3.065000e+00    2.130790e+01
  3.075000e+00    2.140100e+01
  3.085000e+00    2.138169e+01
  3.095000e+00    2.134394e+01
  3.105000e+00    2.141977e+01
  3.115000e+00    2.139458e+01
  3.125000e+00    2.145080e+01
  3.135000e+00    2.149786e+01
  3.145000e+00    2.150541e+01
  3.155000e+00    2.161140e+01
  3.165000e+00    2.157278e+01
  3.175000e+00    2.163925e+01
  3.185000e+00    2.174854e+01
  3.195000e+00    2.184566e+01
  3.205000e+00    2.195457e+01
  3.215000e+00    2.210938e+01
  3.225000e+00    2.238757e+01
  3.235000e+00    2.273274e+01
  3.245000e+00    2.316414e+01
  3.255000e+00    2.378701e+01
  3.265000e+00    2.467718e+01
  3.275000e+00    2.610265e+01
  3.285000e+00    2.860145e+01
  3.295000e+00    3.600097e+01
  3.305000e+00    1.061086e+02
  3.315000e+00    6.658817e+02
  3.325000e+00    1.617048e+03
  3.335000e+00    1.050848e+03
  3.345000e+00    1.862506e+02
  3.355000e+00    4.159538e+01
  3.365000e+00    2.989089e+01
  3.375000e+00    2.659455e+01
  3.385000e+00    2.477355e+01
  3.395000e+00    2.366957e+01
  3.405000e+00    2.289838e+01
  3.415000e+00    2.233800e+01
  3.425000e+00    2.194040e+01
  3.435000e+00    2.158300e+01
  3.445000e+00    2.106270e+01
  3.455000e+00    2.093103e+01
  3.465000e+00    2.083995e+01
  3.475000e+00    2.071795e+01
  3.485000e+00    2.054745e+01
  3.495000e+00    2.047684e+01
  3.505000e+00    2.037234e+01
  3.515000e+00    2.025734e+01
  3.525000e+00    2.031107e+01
  3.535000e+00    2.036808e+01
  3.545000e+00    2.018612e+01
  3.555000e+00    1.998517e+01
  3.565000e+00    1.990949e+01
  3.575000e+00    1.993497e+01
  3.585000e+00    1.978854e+01
  3.595000e+00    1.984390e+01
  3.605000e+00    1.972209e+01
  3.615000e+00    1.963515e+01
  3.625000e+00    1.960940e+01
  3.635000e+00    1.969028e+01
  3.645000e+00    1.960275e+01
  3.655000e+00    1.955548e+01
  3.665000e+00    1.955220e+01
  3.675000e+00    1.952828e+01
  3.685000e+00    1.952074e+01
  3.695000e+00    1.946487e+01
  3.705000e+00    1.946323e+01
  3.715000e+00    1.948876e+01
  3.725000e+00    1.947403e+01
  3.735000e+00    1.954630e+01
  3.745000e+00    1.961446e+01
  3.755000e+00    1.971838e+01
  3.765000e+00    1.976074e+01
  3.775000e+00    1.997318e+01
  3.785000e+00    2.028354e+01
  3.795000e+00    2.080700e+01
  3.805000e+00    2.195836e+01
  3.815000e+00    2.831724e+01
  3.825000e+00    1.001939e+02
  3.835000e+00    3.580914e+02
  3.845000e+00    4.369340e+02
  3.855000e+00    1.547667e+02
  3.865000e+00    3.324209e+01
  3.875000e+00    2.237863e+01
  3.885000e+00    2.078388e+01
  3.895000e+00    2.014897e+01
  3.905000e+00    1.969589e+01
  3.915000e+00    1.937321e+01
  3.925000e+00    1.920910e+01
  3.935000e+00    1.905126e+01
  3.945000e+00    1.891735e+01
  3.955000e+00    1.885073e+01
  3.965000e+00    1.875580e+01
  3.975000e+00    1.869025e+01
  3.985000e+00    1.860346e+01
  3.995000e+00    1.856005e+01
  4.005000e+00    1.845696e+01
  4.015000e+00    1.845430e+01
  4.025000e+00    1.842279e+01
  4.035000e+00    1.837609e+01
  4.045000e+00    1.832803e+01
  4.055000e+00    1.838805e+01
  4.065000e+00    1.829585e+01
  4.075000e+00    1.819274e+01
  4.085000e+00    1.819529e+01
  4.095000e+00    1.817922e+01
  4.105000e+00    1.815704e+01
  4.115000e+00    1.810196e+01
  4.125000e+00    1.806267e+01
  4.135000e+00    1.789537e+01
  4.145000e+00    1.783515e+01
  4.155000e+00    1.789529e+01
  4.165000e+00    1.789400e+01
  4.175000e+00    1.782919e+01
  4.185000e+00    1.785069e+01
  4.195000e+00    1.778552e+01
  4.205000e+00    1.777509e+01
  4.215000e+00    1.778506e+01
  4.225000e+00    1.780611e+01
  4.235000e+00    1.773392e+01
  4.245000e+00    1.776822e+01
  4.255000e+00    1.776525e+01
  4.265000e+00    1.769562e+01
  4.275000e+00    1.773348e+01
  4.285000e+00    1.783209e+01
  4.295000e+00    1.782950e+01
  4.305000e+00    1.775584e+01
  4.315000e+00    1.774999e+01
  4.325000e+00    1.775605e+01
  4.335000e+00    1.774848e+01
  4.345000e+00    1.768161e+01
  4.355000e+00    1.762817e+01
  4.365000e+00    1.761898e+01
  4.375000e+00    1.757430e+01
  4.385000e+00    1.757700e+01
  4.395000e+00    1.757686e+01
  4.405000e+00    1.749759e+01
  4.415000e+00    1.749362e+01
  4.425000e+00    1.744903e+01
  4.435000e+00    1.742642e+01
  4.445000e+00    1.744528e+01
  4.455000e+00    1.738317e+01
  4.465000e+00    1.742200e+01
  4.475000e+00    1.748582e+01
  4.485000e+00    1.746259e+01
  4.495000e+00    1.746045e+01
  4.505000e+00    1.739140e+01
  4.515000e+00    1.736680e+01
  4.525000e+00    1.740952e+01
  4.535000e+00    1.740067e+01
  4.545000e+00    1.737494e+01
  4.555000e+00    1.737047e+01
  4.565000e+00    1.738407e+01
  4.575000e+00    1.736103e+01
  4.585000e+00    1.741454e+01
  4.595000e+00    1.736484e+01
  4.605000e+00    1.732729e+01
  4.615000e+00    1.730491e+01
  4.625000e+00    1.731596e+01
  4.635000e+00    1.727857e+01
  4.645000e+00    1.730507e+01
  4.655000e+00    1.732413e+01
  4.665000e+00    1.727428e+01
  4.675000e+00    1.723888e+01
  4.685000e+00    1.724633e+01
  4.695000e+00    1.726219e+01
  4.705000e+00    1.722108e+01
  4.715000e+00    1.723556e+01
  4.725000e+00    1.719191e+01
  4.735000e+00    1.724184e+01
  4.745000e+00    1.721350e+01
  4.755000e+00    1.716279e+01
  4.765000e+00    1.724180e+01
  4.775000e+00    1.722825e+01
  4.785000e+00    1.724685e+01
  4.795000e+00    1.722298e+01
  4.805000e+00    1.722926e+01
  4.815000e+00    1.721491e+01
  4.825000e+00    1.725244e+01
  4.835000e+00    1.722373e+01
  4.845000e+00    1.723026e+01
  4.855000e+00    1.730782e+01
  4.865000e+00    1.729428e+01
  4.875000e+00    1.724123e+01
  4.885000e+00    1.723502e+01
  4.895000e+00    1.727147e+01
  4.905000e+00    1.728239e+01
  4.915000e+00    1.725906e+01
  4.925000e+00    1.727670e+01
  4.935000e+00    1.731826e+01
  4.945000e+00    1.735034e+01
  4.955000e+00    1.736010e+01
  4.965000e+00    1.734240e+01
  4.975000e+00    1.730630e+01
  4.985000e+00    1.729069e+01
  4.995000e+00    1.730106e+01
  5.005000e+00    1.734341e+01
  5.015000e+00    1.739813e+01
  5.025000e+00    1.736343e+01
  5.035000e+00    1.737154e+01
  5.045000e+00    1.736722e+01
  5.055000e+00    1.732665e+01
  5.065000e+00    1.740839e+01
  5.075000e+00    1.743103e+01
  5.085000e+00    1.744567e+01
  5.095000e+00    1.740133e+01
  5.105000e+00    1.744305e+01
  5.115000e+00    1.742220e+01
  5.125000e+00    1.745927e+01
  5.135000e+00    1.745447e+01
  5.145000e+00    1.746626e+01
  5.155000e+00    1.752909e+01
  5.165000e+00    1.753336e+01
  5.175000e+00    1.757616e+01
  5.185000e+00    1.762372e+01
  5.195000e+00    1.770264e+01
  5.205000e+00    1.771494e+01
  5.215000e+00    1.773249e+01
  5.225000e+00    1.778810e+01
  5.235000e+00    1.779486e+01
  5.245000e+00    1.785287e+01
  5.255000e+00    1.781812e+01
  5.265000e+00    1.789797e+01
  5.275000e+00    1.796722e+01
  5.285000e+00    1.809189e+01
  5.295000e+00    1.814405e+01
  5.305000e+00    1.825205e+01
  5.315000e+00    1.838451e+01
  5.325000e+00    1.855559e+01
  5.335000e+00    1.872927e+01
  5.345000e+00    1.897040e+01
  5.355000e+00    1.927351e+01
  5.365000e+00    1.971335e+01
  5.375000e+00    2.043650e+01
  5.385000e+00    2.152572e+01
  5.395000e+00    2.386067e+01
  5.405000e+00    3.710265e+01
  5.415000e+00    1.698275e+02
  5.425000e+00    6.154913e+02
  5.435000e+00    8.775074e+02
  5.445000e+00    4.604807e+02
  5.455000e+00    8.901396e+01
  5.465000e+00    2.859274e+01
  5.475000e+00    2.295018e+01
  5.485000e+00    2.121227e+01
  5.495000e+00    2.022713e+01
  5.505000e+00    1.960778e+01
  5.515000e+00    1.916935e+01
  5.525000e+00    1.885986e+01
  5.535000e+00    1.865309e+01
  5.545000e+00    1.844969e+01
  5.555000e+00    1.828201e+01
  5.565000e+00    1.816224e+01
  5.575000e+00    1.802637e+01
  5.585000e+00    1.801908e+01
  5.595000e+00    1.797730e+01
  5.605001e+00    1.781604e+01
  5.615001e+00    1.778931e+01
  5.625001e+00    1.775299e+01
  5.635001e+00    1.770570e+01
  5.645001e+00    1.762180e+01
  5.655001e+00    1.756201e+01
  5.665001e+00    1.756454e+01
  5.675001e+00    1.754559e+01
  5.685001e+00    1.745455e+01
  5.695001e+00    1.742462e+01
  5.705001e+00    1.743442e+01
  5.715001e+00    1.739885e+01
  5.725001e+00    1.742085e+01
  5.735001e+00    1.733409e+01
  5.745001e+00    1.732370e+01
  5.755001e+00    1.730626e+01
  5.765001e+00    1.733250e+01
  5.775001e+00    1.730750e+01
  5.785001e+00    1.732060e+01
  5.795001e+00    1.729656e+01
  5.805001e+00    1.723082e+01
  5.815001e+00    1.722711e+01
  5.825001e+00    1.726547e+01
  5.835001e+00    1.723444e+01
  5.845001e+00    1.723511e+01
  5.855001e+00    1.720026e+01
  5.865001e+00    1.727073e+01
  5.875001e+00    1.723040e+01
  5.885001e+00    1.718061e+01
  5.895001e+00    1.722808e+01
  5.905001e+00    1.719973e+01
  5.915001e+00    1.720365e+01
  5.925001e+00    1.721000e+01
  5.935001e+00    1.722315e+01
  5.945001e+00    1.722879e+01
  5.955001e+00    1.724179e+01
  5.965001e+00    1.726749e+01
  5.975001e+00    1.727426e+01
  5.985001e+00    1.722640e+01
  5.995001e+00    1.717812e+01
  6.005001e+00    1.718175e+01
  6.015001e+00    1.721342e+01
  6.025001e+00    1.729842e+01
  6.035001e+00    1.725325e+01
  6.045001e+00    1.722488e+01
  6.055001e+00    1.721712e+01
  6.065001e+00    1.729167e+01
  6.075001e+00    1.733046e+01
  6.085001e+00    1.738596e+01
  6.095001e+00    1.735166e+01
  6.105001e+00    1.737853e+01
  6.115001e+00    1.743461e+01
  6.125001e+00    1.744879e+01
  6.135001e+00    1.742832e+01
  6.145001e+00    1.749179e+01
  6.155001e+00    1.748857e+01
  6.165001e+00    1.747801e+01
  6.175001e+00    1.754510e+01
  6.185001e+00    1.755984e+01
  6.195001e+00    1.759812e+01
  6.205001e+00    1.762003e+01
  6.215001e+00    1.767797e+01
  6.225001e+00    1.775528e+01
  6.235001e+00    1.785573e+01
  6.245001e+00    1.794598e+01
  6.255001e+00    1.807096e+01
  6.265001e+00    1.818019e+01
  6.275001e+00    1.839871e+01
  6.285001e+00    1.862024e+01
  6.295001e+00    1.890128e+01
  6.305001e+00    1.932146e+01
  6.315001e+00    1.995168e+01
  6.325001e+00    2.099393e+01
  6.335001e+00    2.363353e+01
  6.345001e+00    4.347656e+01
  6.355001e+00    2.001888e+02
  6.365001e+00    5.647927e+02
  6.375001e+00    6.863896e+02
  6.385001e+00    3.510483e+02
  6.395001e+00    7.297011e+01
  6.405001e+00    2.634159e+01
  6.415001e+00    2.185642e+01
  6.425001e+00    2.040586e+01
  6.435001e+00    1.953003e+01
  6.445001e+00    1.901181e+01
  6.455001e+00    1.868459e+01
  6.465001e+00    1.845119e+01
  6.475001e+00    1.823924e+01
  6.485001e+00    1.808787e+01
  6.495001e+00    1.793130e+01
  6.505001e+00    1.785976e+01
  6.515001e+00    1.776180e+01
  6.525001e+00    1.767278e+01
  6.535001e+00    1.768478e+01
  6.545001e+00    1.763110e+01
  6.555001e+00    1.759902e+01
  6.565001e+00    1.762200e+01
  6.575001e+00    1.760770e+01
  6.585001e+00    1.763686e+01
  6.595001e+00    1.773556e+01
  6.605001e+00    1.788807e+01
  6.615001e+00    1.813571e+01
  6.625001e+00    1.991441e+01
  6.635001e+00    3.662150e+01
  6.645001e+00    9.523758e+01
  6.655001e+00    1.442531e+02
  6.665001e+00    1.089946e+02
  6.675001e+00    4.169203e+01
  6.685001e+00    2.018743e+01
  6.695001e+00    1.808288e+01
  6.705001e+00    1.769011e+01
  6.715001e+00    1.745949e+01
  6.725001e+00    1.733583e+01
  6.735001e+00    1.725074e+01
  6.745001e+00    1.713271e+01
  6.755001e+00    1.705328e+01
  6.765001e+00    1.704823e+01
  6.775001e+00    1.702173e+01
  6.785001e+00    1.699034e+01
  6.795001e+00    1.697572e+01
  6.805001e+00    1.695851e+01
  6.815001e+00    1.692908e+01
  6.825001e+00    1.688824e+01
  6.835001e+00    1.686956e+01
  6.845001e+00    1.681799e+01
  6.855001e+00    1.681915e+01
  6.865001e+00    1.681859e+01
  6.875001e+00    1.676267e+01
  6.885001e+00    1.679276e+01
  6.895001e+00    1.676945e+01
  6.905001e+00    1.671521e+01
  6.915001e+00    1.671005e+01
  6.925001e+00    1.669795e+01
  6.935001e+00    1.669998e+01
  6.945001e+00    1.673599e+01
  6.955001e+00    1.668056e+01
  6.965001e+00    1.668195e+01
  6.975001e+00    1.665567e+01
  6.985001e+00    1.662834e+01
  6.995001e+00    1.666784e+01
  7.005001e+00    1.658453e+01
  7.015001e+00    1.654853e+01
  7.025001e+00    1.657142e+01
  7.035001e+00    1.654878e+01
  7.045001e+00    1.654034e+01
  7.055001e+00    1.648240e+01
  7.065001e+00    1.655824e+01
  7.075001e+00    1.664675e+01
  7.085001e+00    1.658371e+01
  7.095001e+00    1.656720e+01
  7.105001e+00    1.653703e+01
  7.115001e+00    1.649376e+01
  7.125001e+00    1.648082e+01
  7.135001e+00    1.647108e+01
  7.145001e+00    1.648167e+01
  7.155001e+00    1.645313e+01
  7.165001e+00    1.644863e+01
  7.175001e+00    1.640260e+01
  7.185001e+00    1.644939e+01
  7.195001e+00    1.648629e+01
  7.205001e+00    1.643235e+01
  7.215001e+00    1.639450e+01
  7.225001e+00    1.643096e+01
  7.235001e+00    1.643511e+01
  7.245001e+00    1.640335e+01
  7.255001e+00    1.643517e+01
  7.265001e+00    1.645471e+01
  7.275001e+00    1.642519e+01
  7.285001e+00    1.638547e+01
  7.295001e+00    1.636413e+01
  7.305001e+00    1.643770e+01
  7.315001e+00    1.642501e+01
  7.325001e+00    1.639927e+01
  7.335001e+00    1.624063e+01
  7.345001e+00    1.627794e+01
  7.355001e+00    1.631341e+01
  7.365001e+00    1.631035e+01
  7.375001e+00    1.634797e+01
  7.385001e+00    1.634298e+01
  7.395001e+00    1.635529e+01
  7.405001e+00    1.637872e+01
  7.415001e+00    1.632273e+01
  7.425001e+00    1.634198e+01
  7.435001e+00    1.637083e+01
  7.445001e+00    1.640474e+01
  7.455001e+00    1.639991e+01
  7.465001e+00    1.640409e+01
  7.475001e+00    1.636840e+01
  7.485001e+00    1.641482e+01
  7.495001e+00    1.643066e+01
  7.505001e+00    1.637288e+01
  7.515001e+00    1.636905e+01
  7.525001e+00    1.638291e+01
  7.535001e+00    1.639662e+01
  7.545001e+00    1.646187e+01
  7.555001e+00    1.644193e+01
  7.565001e+00    1.647990e+01
  7.575001e+00    1.651889e+01
  7.585001e+00    1.657443e+01
  7.595001e+00    1.658767e+01
  7.605001e+00    1.663158e+01
  7.615001e+00    1.668826e+01
  7.625001e+00    1.679587e+01
  7.635001e+00    1.700267e+01
  7.645001e+00    1.732802e+01
  7.655001e+00    1.898857e+01
  7.665001e+00    3.496816e+01
  7.675001e+00    8.930688e+01
  7.685001e+00    1.351919e+02
  7.695001e+00    1.157313e+02
  7.705001e+00    5.167734e+01
  7.715001e+00    2.102733e+01
  7.725001e+00    1.747985e+01
  7.735001e+00    1.700788e+01
  7.745001e+00    1.681553e+01
  7.755001e+00    1.665271e+01
  7.765001e+00    1.650156e+01
  7.775001e+00    1.647387e+01
  7.785001e+00    1.646381e+01
  7.795001e+00    1.640904e+01
  7.805001e+00    1.633714e+01
  7.815001e+00    1.639446e+01
  7.825001e+00    1.634496e+01
  7.835001e+00    1.630281e+01
  7.845001e+00    1.626766e+01
  7.855001e+00    1.623722e+01
  7.865001e+00    1.626351e+01
  7.875001e+00    1.627249e+01
  7.885001e+00    1.627134e+01
  7.895001e+00    1.627765e+01
  7.905001e+00    1.629334e+01
  7.915001e+00    1.627782e+01
  7.925001e+00    1.624363e+01
  7.935001e+00    1.626274e+01
  7.945001e+00    1.624609e+01
  7.955001e+00    1.625377e+01
  7.965001e+00    1.626732e+01
  7.975001e+00    1.621898e+01
  7.985001e+00    1.626921e+01
  7.995001e+00    1.624859e+01
  8.005001e+00    1.625321e+01
  8.015001e+00    1.624507e+01
  8.025001e+00    1.626470e+01
  8.035001e+00    1.622081e+01
  8.045001e+00    1.623585e+01
  8.055001e+00    1.623958e+01
  8.065001e+00    1.621778e+01
  8.075001e+00    1.623086e+01
  8.085001e+00    1.624050e+01
  8.095001e+00    1.624578e+01
  8.105001e+00    1.628792e+01
  8.115001e+00    1.626298e+01
  8.125001e+00    1.631442e+01
  8.135001e+00    1.629199e+01
  8.145001e+00    1.637588e+01
  8.155001e+00    1.636505e+01
  8.165001e+00    1.639547e+01
  8.175001e+00    1.639013e+01
  8.185001e+00    1.639237e+01
  8.195001e+00    1.644814e+01
  8.205001e+00    1.650867e+01
  8.215001e+00    1.655695e+01
  8.225001e+00    1.661798e+01
  8.235001e+00    1.667715e+01
  8.245001e+00    1.661977e+01
  8.255001e+00    1.665594e+01
  8.265001e+00    1.678307e+01
  8.275001e+00    1.682725e+01
  8.285001e+00    1.688480e+01
  8.295001e+00    1.699601e+01
  8.305001e+00    1.713993e+01
  8.315001e+00    1.737639e+01
  8.325001e+00    1.771472e+01
  8.335001e+00    1.848200e+01
  8.345001e+00    2.267704e+01
  8.355001e+00    5.749221e+01
  8.365001e+00    1.643702e+02
  8.375001e+00    2.553589e+02
  8.385001e+00    2.346930e+02
  8.395001e+00    1.147106e+02
  8.405001e+00    3.304319e+01
  8.415001e+00    1.972548e+01
  8.425001e+00    1.814804e+01
  8.435001e+00    1.761763e+01
  8.445001e+00    1.733504e+01
  8.455001e+00    1.715705e+01
  8.465001e+00    1.701323e+01
  8.475001e+00    1.687989e+01
  8.485001e+00    1.687794e+01
  8.495001e+00    1.683948e+01
  8.505001e+00    1.678788e+01
  8.515001e+00    1.686401e+01
  8.525001e+00    1.691014e+01
  8.535001e+00    1.702053e+01
  8.545001e+00    1.722488e+01
  8.555001e+00    1.784140e+01
  8.565001e+00    2.229577e+01
  8.575001e+00    5.438633e+01
  8.585001e+00    1.254195e+02
  8.595001e+00    1.670553e+02
  8.605001e+00    1.421998e+02
  8.615001e+00    6.545274e+01
  8.625001e+00    2.359518e+01
  8.635001e+00    1.796990e+01
  8.645001e+00    1.715276e+01
  8.655001e+00    1.687355e+01
  8.665001e+00    1.665428e+01
  8.675001e+00    1.650317e+01
  8.685001e+00    1.640224e+01
  8.695001e+00    1.634271e+01
  8.705001e+00    1.628063e+01
  8.715001e+00    1.621061e+01
  8.725001e+00    1.624325e+01
  8.735001e+00    1.620930e+01
  8.745001e+00    1.615066e+01
  8.755001e+00    1.609996e+01
  8.765001e+00    1.607826e+01
  8.775001e+00    1.607518e+01
  8.785001e+00    1.607246e+01
  8.795001e+00    1.602069e+01
  8.805001e+00    1.594351e+01
  8.815001e+00    1.591588e+01
  8.825001e+00    1.595715e+01
  8.835001e+00    1.591078e+01
  8.845001e+00    1.590774e+01
  8.855001e+00    1.589260e+01
  8.865001e+00    1.587133e+01
  8.875001e+00    1.586438e+01
  8.885001e+00    1.586179e+01
  8.895001e+00    1.582244e+01
  8.905001e+00    1.582119e+01
  8.915001e+00    1.578428e+01
  8.925001e+00    1.576890e+01
  8.935001e+00    1.573512e+01
  8.945001e+00    1.576311e+01
  8.955001e+00    1.580412e+01
  8.965001e+00    1.575454e+01
  8.975001e+00    1.574739e+01
  8.985001e+00    1.572569e+01
  8.995001e+00    1.571822e+01
  9.005001e+00    1.576299e+01
  9.015001e+00    1.577256e+01
  9.025001e+00    1.575866e+01
  9.035001e+00    1.577423e+01
  9.045001e+00    1.577745e+01
  9.055001e+00    1.571069e+01
  9.065001e+00    1.573820e+01
  9.075001e+00    1.570909e+01
  9.085001e+00    1.571658e+01
  9.095001e+00    1.574156e+01
  9.105001e+00    1.576941e+01
  9.115001e+00    1.574846e+01
  9.125001e+00    1.571047e+01
  9.135001e+00    1.571040e+01
  9.145001e+00    1.573508e+01
  9.155001e+00    1.573115e+01
  9.165001e+00    1.574279e+01
  9.175001e+00    1.576650e+01
  9.185001e+00    1.576980e+01
  9.195001e+00    1.578428e+01
  9.205001e+00    1.577424e+01
  9.215001e+00    1.571221e+01
  9.225001e+00    1.574029e+01
  9.235001e+00    1.585066e+01
  9.245001e+00    1.583954e+01
  9.255001e+00    1.579156e+01
  9.265001e+00    1.587339e+01
  9.275001e+00    1.586673e+01
  9.285001e+00    1.594288e+01
  9.295001e+00    1.595737e+01
  9.305001e+00    1.599384e+01
  9.315001e+00    1.610939e+01
  9.325001e+00    1.616986e+01
  9.335001e+00    1.621883e+01
  9.345001e+00    1.636809e+01
  9.355001e+00    1.659909e+01
  9.365001e+00    1.689819e+01
  9.375001e+00    1.768030e+01
  9.385001e+00    2.247559e+01
  9.395001e+00    5.768455e+01
  9.405001e+00    1.436810e+02
  9.415001e+00    2.048301e+02
  9.425001e+00    1.977614e+02
  9.435001e+00    1.168870e+02
  9.445001e+00    3.740536e+01
  9.455001e+00    1.943300e+01
  9.465001e+00    1.735812e+01
  9.475001e+00    1.678211e+01
  9.485001e+00    1.653117e+01
  9.495001e+00    1.631061e+01
  9.505001e+00    1.615210e+01
  9.515001e+00    1.603347e+01
  9.525001e+00    1.596300e+01
  9.535001e+00    1.592663e+01
  9.545001e+00    1.582210e+01
  9.555001e+00    1.577146e+01
  9.565001e+00    1.583311e+01
  9.575001e+00    1.574920e+01
  9.585001e+00    1.574208e+01
  9.595001e+00    1.576211e+01
  9.605001e+00    1.572899e+01
  9.615001e+00    1.566021e+01
  9.625001e+00    1.569628e+01
  9.635001e+00    1.570844e+01
  9.645001e+00    1.572119e+01
  9.655001e+00    1.562667e+01
  9.665001e+00    1.561384e+01
  9.675001e+00    1.562340e+01
  9.685001e+00    1.559488e+01
  9.695001e+00    1.561831e+01
  9.705001e+00    1.560419e+01
  9.715001e+00    1.559914e+01
  9.725001e+00    1.560353e+01
  9.735001e+00    1.559906e+01
  9.745001e+00    1.560774e+01
  9.755001e+00    1.556615e+01
  9.765001e+00    1.562634e+01
  9.775001e+00    1.560953e+01
  9.785001e+00    1.560720e+01
  9.795001e+00    1.558789e+01
  9.805001e+00    1.559083e+01
  9.815001e+00    1.559335e+01
  9.825001e+00    1.560237e+01
  9.835001e+00    1.568175e+01
  9.845001e+00    1.568068e+01
  9.855001e+00    1.568035e+01
  9.865001e+00    1.573359e+01
  9.875001e+00    1.575515e+01
  9.885001e+00    1.576975e+01
  9.895001e+00    1.588991e+01
  9.905001e+00    1.598112e+01
  9.915001e+00    1.606284e+01
  9.925001e+00    1.621095e+01
  9.935001e+00    1.643266e+01
  9.945001e+00    1.691701e+01
  9.955001e+00    1.925059e+01
  9.965001e+00    3.882515e+01
  9.975001e+00    1.006966e+02
  9.985001e+00    1.583083e+02
  9.995001e+00    1.675830e+02
  1.000500e+01    1.256283e+02
  1.001500e+01    5.022924e+01
  1.002500e+01    2.068096e+01
  1.003500e+01    1.723469e+01
  1.004500e+01    1.665298e+01
  1.005500e+01    1.628814e+01
  1.006500e+01    1.608940e+01
  1.007500e+01    1.594162e+01
  1.008500e+01    1.579687e+01
  1.009500e+01    1.579307e+01
  1.010500e+01    1.569010e+01
  1.011500e+01    1.561827e+01
  1.012500e+01    1.559382e+01
  1.013500e+01    1.556277e+01
  1.014500e+01    1.552024e+01
  1.015500e+01    1.547298e+01
  1.016500e+01    1.545348e+01
  1.017500e+01    1.540102e+01
  1.018500e+01    1.534570e+01
  1.019500e+01    1.537037e+01
  1.020500e+01    1.535097e+01
  1.021500e+01    1.537061e+01
  1.022500e+01    1.540563e+01
  1.023500e+01    1.536189e+01
  1.024500e+01    1.529647e+01
  1.025500e+01    1.532486e+01
  1.026500e+01    1.532497e+01
  1.027500e+01    1.525550e+01
  1.028500e+01    1.524381e+01
  1.029500e+01    1.522178e+01
  1.030500e+01    1.524807e+01
  1.031500e+01    1.523242e+01
  1.032500e+01    1.525158e+01
  1.033500e+01    1.519014e+01
  1.034500e+01    1.517049e+01
  1.035500e+01    1.521202e+01
  1.036500e+01    1.518848e+01
  1.037500e+01    1.520755e+01
  1.038500e+01    1.520432e+01
  1.039500e+01    1.520863e+01
  1.040500e+01    1.519257e+01
  1.041500e+01    1.520619e+01
  1.042500e+01    1.523045e+01
  1.043500e+01    1.517751e+01
  1.044500e+01    1.517020e+01
  1.045500e+01    1.518020e+01
  1.046500e+01    1.517517e+01
  1.047500e+01    1.517846e+01
  1.048500e+01    1.521313e+01
  1.049500e+01    1.518860e+01
  1.050500e+01    1.516581e+01
  1.051500e+01    1.523719e+01
  1.052500e+01    1.525188e+01
  1.053500e+01    1.516867e+01
  1.054500e+01    1.520581e+01
  1.055500e+01    1.519915e+01
  1.056500e+01    1.521586e+01
  1.057500e+01    1.525258e+01
  1.058500e+01    1.526136e+01
  1.059500e+01    1.526385e+01
  1.060500e+01    1.528917e+01
  1.061500e+01    1.529405e+01
  1.062500e+01    1.525289e+01
  1.063500e+01    1.526646e+01
  1.064500e+01    1.526038e+01
  1.065500e+01    1.532623e+01
  1.066500e+01    1.533786e+01
  1.067500e+01    1.530635e+01
  1.068500e+01    1.527453e+01
  1.069500e+01    1.533179e+01
  1.070500e+01    1.536761e+01
  1.071500e+01    1.538509e+01
  1.072500e+01    1.534575e+01
  1.073500e+01    1.537969e+01
  1.074500e+01    1.541226e+01
  1.075500e+01    1.537665e+01
  1.076500e+01    1.540157e+01
  1.077500e+01    1.547709e+01
  1.078500e+01    1.550677e+01
  1.079500e+01    1.550669e+01
  1.080500e+01    1.552154e+01
  1.081500e+01    1.561024e+01
  1.082500e+01    1.577452e+01
  1.083500e+01    1.596987e+01
  1.084500e+01    1.748890e+01
  1.085500e+01    2.752913e+01
  1.086500e+01    5.017989e+01
  1.087500e+01    6.613255e+01
  1.088500e+01    6.744736e+01
  1.089500e+01    5.369339e+01
  1.090500e+01    2.830567e+01
  1.091500e+01    1.752728e+01
  1.092500e+01    1.612527e+01
  1.093500e+01    1.590384e+01
  1.094500e+01    1.574719e+01
  1.095500e+01    1.565244e+01
  1.096500e+01    1.561418e+01
  1.097500e+01    1.559672e+01
  1.098500e+01    1.557090e+01
  1.099500e+01    1.556156e+01
  1.100500e+01    1.561278e+01
  1.101500e+01    1.560232e+01
  1.102500e+01    1.559077e+01
  1.103500e+01    1.561280e+01
  1.104500e+01    1.564645e+01
  1.105500e+01    1.556533e+01
  1.106500e+01    1.555551e+01
  1.107500e+01    1.563560e+01
  1.108500e+01    1.560876e+01
  1.109500e+01    1.558105e+01
  1.110500e+01    1.563318e+01
  1.111500e+01    1.561213e+01
  1.112500e+01    1.569747e+01
  1.113500e+01    1.569114e+01
  1.114500e+01    1.573087e+01
  1.115500e+01    1.567837e+01
  1.116500e+01    1.569784e+01
  1.117500e+01    1.571222e+01
  1.118500e+01    1.574634e+01
  1.119500e+01    1.580110e+01
  1.120500e+01    1.581024e+01
  1.121500e+01    1.589133e+01
  1.122500e+01    1.588423e+01
  1.123500e+01    1.591712e+01
  1.124500e+01    1.593145e+01
  1.125500e+01    1.596815e+01
  1.126500e+01    1.601849e+01
  1.127500e+01    1.603121e+01
  1.128500e+01    1.614732e+01
  1.129500e+01    1.633610e+01
  1.130500e+01    1.640546e+01
  1.131500e+01    1.654248e+01
  1.132500e+01    1.682106e+01
  1.133500e+01    1.751214e+01
  1.134500e+01    2.151198e+01
  1.135500e+01    4.785395e+01
  1.136500e+01    1.061067e+02
  1.137500e+01    1.463284e+02
  1.138500e+01    1.511120e+02
  1.139500e+01    1.217970e+02
  1.140500e+01    5.671931e+01
  1.141500e+01    2.287298e+01
  1.142500e+01    1.790514e+01
  1.143500e+01    1.726971e+01
  1.144500e+01    1.690553e+01
  1.145500e+01    1.673975e+01
  1.146500e+01    1.665480e+01
  1.147500e+01    1.661828e+01
  1.148500e+01    1.664806e+01
  1.149500e+01    1.679439e+01
  1.150500e+01    1.797815e+01
  1.151500e+01    2.682822e+01
  1.152500e+01    5.091400e+01
  1.153500e+01    7.152953e+01
  1.154500e+01    7.604009e+01
  1.155500e+01    6.753376e+01
  1.156500e+01    4.048049e+01
  1.157500e+01    2.072593e+01
  1.158500e+01    1.698466e+01
  1.159500e+01    1.647331e+01
  1.160500e+01    1.623991e+01
  1.161500e+01    1.610025e+01
  1.162500e+01    1.606397e+01
  1.163500e+01    1.603700e+01
  1.164500e+01    1.595886e+01
  1.165500e+01    1.594941e+01
  1.166500e+01    1.586717e+01
  1.167500e+01    1.587761e+01
  1.168500e+01    1.589383e+01
  1.169500e+01    1.585412e+01
  1.170500e+01    1.585340e+01
  1.171500e+01    1.582440e+01
  1.172500e+01    1.575330e+01
  1.173500e+01    1.576478e+01
  1.174500e+01    1.573564e+01
  1.175500e+01    1.574452e+01
  1.176500e+01    1.572127e+01
  1.177500e+01    1.574810e+01
  1.178500e+01    1.571341e+01
  1.179500e+01    1.574139e+01
  1.180500e+01    1.572216e+01
  1.181500e+01    1.570716e+01
  1.182500e+01    1.566202e+01
  1.183500e+01    1.572325e+01
  1.184500e+01    1.569750e+01
  1.185500e+01    1.571044e+01
  1.186500e+01    1.564339e+01
  1.187500e+01    1.569430e+01
  1.188500e+01    1.572607e+01
  1.189500e+01    1.568886e+01
  1.190500e+01    1.572966e+01
  1.191500e+01    1.577687e+01
  1.192500e+01    1.568420e+01
  1.193500e+01    1.575641e+01
  1.194500e+01    1.571714e+01
  1.195500e+01    1.571139e+01
  1.196500e+01    1.569988e+01
  1.197500e+01    1.571287e+01
  1.198500e+01    1.574971e+01
  1.199500e+01    1.581681e+01
  1.200500e+01    1.577420e+01
  1.201500e+01    1.577415e+01
  1.202500e+01    1.584780e+01
  1.203500e+01    1.585866e+01
  1.204500e+01    1.585045e+01
  1.205500e+01    1.590132e+01
  1.206500e+01    1.589797e+01
  1.207500e+01    1.592477e+01
  1.208500e+01    1.603217e+01
  1.209500e+01    1.609838e+01
  1.210500e+01    1.618036e+01
  1.211500e+01    1.627483e+01
  1.212500e+01    1.671116e+01
  1.213500e+01    1.956680e+01
  1.214500e+01    3.583287e+01
  1.215500e+01    6.505706e+01
  1.216500e+01    8.116129e+01
  1.217500e+01    8.228193e+01
  1.218500e+01    6.910451e+01
  1.219500e+01    3.739712e+01
  1.220500e+01    1.960497e+01
  1.221500e+01    1.689613e+01
  1.222500e+01    1.650911e+01
  1.223500e+01    1.629404e+01
  1.224500e+01    1.611269e+01
  1.225500e+01    1.609663e+01
  1.226500e+01    1.609851e+01
  1.227500e+01    1.601564e+01
  1.228500e+01    1.600626e+01
  1.229500e+01    1.594198e+01
  1.230500e+01    1.592291e+01
  1.231500e+01    1.593682e+01
  1.232500e+01    1.593472e+01
  1.233500e+01    1.585083e+01
  1.234500e+01    1.584772e+01
  1.235500e+01    1.591041e+01
  1.236500e+01    1.586848e+01
  1.237500e+01    1.587818e+01
  1.238500e+01    1.587550e+01
  1.239500e+01    1.584201e+01
  1.240500e+01    1.588120e+01
  1.241500e+01    1.583498e+01
  1.242500e+01    1.583891e+01
  1.243500e+01    1.586471e+01
  1.244500e+01    1.591015e+01
  1.245500e+01    1.589487e+01
  1.246500e+01    1.591626e+01
  1.247500e+01    1.588403e+01
  1.248500e+01    1.593708e+01
  1.249500e+01    1.594271e+01
  1.250500e+01    1.599001e+01
  1.251500e+01    1.600671e+01
  1.252500e+01    1.605016e+01
  1.253500e+01    1.609471e+01
  1.254500e+01    1.610965e+01
  1.255500e+01    1.616130e+01
  1.256500e+01    1.630375e+01
  1.257500e+01    1.658300e+01
  1.258500e+01    1.882185e+01
  1.259500e+01    3.005163e+01
  1.260500e+01    4.893299e+01
  1.261500e+01    5.940501e+01
  1.262500e+01    6.035240e+01
  1.263500e+01    5.292066e+01
  1.264500e+01    3.281505e+01
  1.265500e+01    1.933375e+01
  1.266500e+01    1.680544e+01
  1.267500e+01    1.642996e+01
  1.268500e+01    1.639179e+01
  1.269500e+01    1.639453e+01
  1.270500e+01    1.636357e+01
  1.271500e+01    1.643265e+01
  1.272500e+01    1.685350e+01
  1.273500e+01    1.992273e+01
  1.274500e+01    3.111202e+01
  1.275500e+01    4.390985e+01
  1.276500e+01    4.855491e+01
  1.277500e+01    4.774615e+01
  1.278500e+01    3.916974e+01
  1.279500e+01    2.394012e+01
  1.280500e+01    1.732638e+01
  1.281500e+01    1.643506e+01
  1.282500e+01    1.626470e+01
  1.283500e+01    1.620991e+01
  1.284500e+01    1.614106e+01
  1.285500e+01    1.608652e+01
  1.286500e+01    1.605114e+01
  1.287500e+01    1.606268e+01
  1.288500e+01    1.605786e+01
  1.289500e+01    1.606861e+01
  1.290500e+01    1.600661e+01
  1.291500e+01    1.600062e+01
  1.292500e+01    1.599257e+01
  1.293500e+01    1.599659e+01
  1.294500e+01    1.598449e+01
  1.295500e+01    1.603242e+01
  1.296500e+01    1.606945e+01
  1.297500e+01    1.601581e+01
  1.298500e+01    1.601527e+01
  1.299500e+01    1.599545e+01
  1.300500e+01    1.601958e+01
  1.301500e+01    1.603412e+01
  1.302500e+01    1.596882e+01
  1.303500e+01    1.599090e+01
  1.304500e+01    1.597954e+01
  1.305500e+01    1.601181e+01
  1.306500e+01    1.601068e+01
  1.307500e+01    1.599653e+01
  1.308500e+01    1.598768e+01
  1.309500e+01    1.594914e+01
  1.310500e+01    1.598595e+01
  1.311500e+01    1.593845e+01
  1.312500e+01    1.594980e+01
  1.313500e+01    1.599629e+01
  1.314500e+01    1.598189e+01
  1.315500e+01    1.598721e+01
  1.316500e+01    1.606550e+01
  1.317500e+01    1.610449e+01
  1.318500e+01    1.605198e+01
  1.319500e+01    1.598161e+01
  1.320500e+01    1.598156e+01
  1.321500e+01    1.602388e+01
  1.322500e+01    1.606106e+01
  1.323500e+01    1.599676e+01
  1.324500e+01    1.606087e+01
  1.325500e+01    1.613650e+01
  1.326500e+01    1.610183e+01
  1.327500e+01    1.617748e+01
  1.328500e+01    1.628509e+01
  1.329500e+01    1.648691e+01
  1.330500e+01    1.795937e+01
  1.331500e+01    2.300599e+01
  1.332500e+01    2.885169e+01
  1.333500e+01    3.102264e+01
  1.334500e+01    3.092651e+01
  1.335500e+01    2.772233e+01
  1.336500e+01    2.099181e+01
  1.337500e+01    1.708852e+01
  1.338500e+01    1.643529e+01
  1.339500e+01    1.635223e+01
  1.340500e+01    1.627153e+01
  1.341500e+01    1.625404e+01
  1.342500e+01    1.620342e+01
  1.343500e+01    1.623521e+01
  1.344500e+01    1.622302e+01
  1.345500e+01    1.628809e+01
  1.346500e+01    1.628570e+01
  1.347500e+01    1.623761e+01
  1.348500e+01    1.625124e+01
  1.349500e+01    1.630453e+01
  1.350500e+01    1.633787e+01
  1.351500e+01    1.630842e+01
  1.352500e+01    1.629540e+01
  1.353500e+01    1.635990e+01
  1.354500e+01    1.634782e+01
  1.355500e+01    1.634840e+01
  1.356500e+01    1.642777e+01
  1.357500e+01    1.645430e+01
  1.358500e+01    1.638861e+01
  1.359500e+01    1.643910e+01
  1.360500e+01    1.643577e+01
  1.361500e+01    1.638286e+01
  1.362500e+01    1.652487e+01
  1.363500e+01    1.653297e+01
  1.364500e+01    1.659819e+01
  1.365500e+01    1.662618e+01
  1.366500e+01    1.666334e+01
  1.367500e+01    1.673435e+01
  1.368500e+01    1.693746e+01
  1.369500e+01    1.710735e+01
  1.370500e+01    1.765575e+01
  1.371500e+01    2.151887e+01
  1.372500e+01    3.886739e+01
  1.373500e+01    6.515613e+01
  1.374500e+01    7.818793e+01
  1.375500e+01    7.977280e+01
  1.376500e+01    7.275944e+01
  1.377500e+01    4.766651e+01
  1.378500e+01    2.417120e+01
  1.379500e+01    1.827337e+01
  1.380500e+01    1.747906e+01
  1.381500e+01    1.725691e+01
  1.382500e+01    1.710643e+01
  1.383500e+01    1.719209e+01
  1.384500e+01    1.769192e+01
  1.385500e+01    2.116799e+01
  1.386500e+01    3.014366e+01
  1.387500e+01    3.767991e+01
  1.388500e+01    3.977103e+01
  1.389500e+01    3.917235e+01
  1.390500e+01    3.362980e+01
  1.391500e+01    2.310831e+01
  1.392500e+01    1.791326e+01
  1.393500e+01    1.705643e+01
  1.394500e+01    1.685750e+01
  1.395500e+01    1.684642e+01
  1.396500e+01    1.670648e+01
  1.397500e+01    1.665818e+01
  1.398500e+01    1.669449e+01
  1.399500e+01    1.669727e+01
